-15.70796326794896558 -0.00000000000000061
-15.67654734141306783 -0.03141075907812873
-15.64513141487717007 -0.06279051952931362
-15.61371548834127232 -0.09410831331851439
-15.58229956180537457 -0.12533323356430415
-15.55088363526947504 -0.15643446504023234
-15.51946770873357728 -0.18738131458572593
-15.48805178219767953 -0.21814324139654367
-15.45663585566178178 -0.24868988716485571
-15.42521992912588402 -0.27899110603923000
-15.39380400258998627 -0.30901699437494801
-15.36238807605408851 -0.33873792024529176
-15.33097214951819076 -0.36812455268467820
-15.29955622298229301 -0.39714789063478068
-15.26814029644639525 -0.42577929156507255
-15.23672436991049572 -0.45399049973954814
-15.20530844337459797 -0.48175367410171643
-15.17389251683870022 -0.50904141575037232
-15.14247659030280246 -0.53582679497899743
-15.11106066376690471 -0.56208337785213125
-15.07964473723100696 -0.58778525229247358
-15.04822881069510920 -0.61290705365297682
-15.01681288415921145 -0.63742398974868986
-14.98539695762331370 -0.66131186532365194
-14.95398103108741594 -0.68454710592868862
-14.92256510455151641 -0.70710678118654857
-14.89114917801561866 -0.72896862742141244
-14.85973325147972091 -0.75011106963046026
-14.82831732494382315 -0.77051324277578981
-14.79690139840792540 -0.79015501237569086
-14.76548547187202765 -0.80901699437494778
-14.73406954533612989 -0.82708057427456205
-14.70265361880023214 -0.84432792550201519
-14.67123769226433438 -0.86074202700394364
-14.63982176572843485 -0.87630668004386436
-14.60840583919253888 -0.89100652418836768
-14.57698991265663935 -0.90482705246602002
-14.54557398612074159 -0.91775462568398158
-14.51415805958484384 -0.92977648588825179
-14.48274213304894609 -0.94088076895422568
-14.45132620651304833 -0.95105651629515375
-14.41991027997715058 -0.96029368567694318
-14.38849435344125283 -0.96858316112863119
-14.35707842690535507 -0.97591676193874743
-14.32566250036945732 -0.98228725072868861
-14.29424657383355779 -0.98768834059513799
-14.26283064729766004 -0.99211470131447799
-14.23141472076176228 -0.99556196460308011
-14.19999879422586453 -0.99802672842827167
-14.16858286768996678 -0.99950656036573160
-14.13716694115406902 -1.00000000000000000
-14.10575101461817127 -0.99950656036573160
-14.07433508808227351 -0.99802672842827156
-14.04291916154637576 -0.99556196460308000
-14.01150323501047623 -0.99211470131447765
-13.98008730847457848 -0.98768834059513755
-13.94867138193868072 -0.98228725072868850
-13.91725545540278297 -0.97591676193874721
-13.88583952886688522 -0.96858316112863085
-13.85442360233098746 -0.96029368567694284
-13.82300767579508971 -0.95105651629515342
-13.79159174925919196 -0.94088076895422534
-13.76017582272329420 -0.92977648588825135
-13.72875989618739645 -0.91775462568398114
-13.69734396965149870 -0.90482705246601958
-13.66592804311559917 -0.89100652418836723
-13.63451211657970141 -0.87630668004386303
-13.60309619004380366 -0.86074202700394309
-13.57168026350790591 -0.84432792550201463
-13.54026433697200815 -0.82708057427456139
-13.50884841043611040 -0.80901699437494712
-13.47743248390021265 -0.79015501237569019
-13.44601655736431489 -0.77051324277578914
-13.41460063082841714 -0.75011106963045959
-13.38318470429251761 -0.72896862742141044
-13.35176877775662163 -0.70710678118654779
-13.32035285122072210 -0.68454710592868773
-13.28893692468482435 -0.66131186532365105
-13.25752099814892659 -0.63742398974868908
-13.22610507161302884 -0.61290705365297593
-13.19468914507713109 -0.58778525229247269
-13.16327321854123333 -0.56208337785213036
-13.13185729200533558 -0.53582679497899643
-13.10044136546943605 -0.50904141575036976
-13.06902543893354007 -0.48175367410171543
-13.03760951239764054 -0.45399049973954553
-13.00619358586174279 -0.42577929156507155
-12.97477765932584504 -0.39714789063477968
-12.94336173278994728 -0.36812455268467714
-12.91194580625404953 -0.33873792024529076
-12.88052987971815178 -0.30901699437494695
-12.84911395318225402 -0.27899110603922894
-12.81769802664635627 -0.24868988716485466
-12.78628210011045852 -0.21814324139654259
-12.75486617357455899 -0.18738131458572310
-12.72345024703866123 -0.15643446504022951
-12.69203432050276348 -0.12533323356430304
-12.66061839396686572 -0.09410831331851330
-12.62920246743096797 -0.06279051952931253
-12.59778654089507022 -0.03141075907812763
-12.56637061435917246 0.00000000000000049
-12.53495468782327471 0.03141075907812860
-12.50353876128737696 0.06279051952931351
-12.47212283475147743 0.09410831331851605
-12.44070690821558145 0.12533323356430401
-12.40929098167968192 0.15643446504023223
-12.37787505514378417 0.18738131458572579
-12.34645912860788641 0.21814324139654354
-12.31504320207198866 0.24868988716485560
-12.28362727553609091 0.27899110603922989
-12.25221134900019315 0.30901699437494790
-12.22079542246429540 0.33873792024529165
-12.18937949592839587 0.36812455268467970
-12.15796356939249989 0.39714789063478056
-12.12654764285660036 0.42577929156507405
-12.09513171632070261 0.45399049973954803
-12.06371578978480485 0.48175367410171632
-12.03229986324890710 0.50904141575037221
-12.00088393671300935 0.53582679497899732
-11.96946801017711159 0.56208337785213114
-11.93805208364121384 0.58778525229247347
-11.90663615710531609 0.61290705365297671
-11.87522023056941833 0.63742398974868975
-11.84380430403351880 0.66131186532365316
-11.81238837749762283 0.68454710592868850
-11.78097245096172330 0.70710678118654846
-11.74955652442582554 0.72896862742141233
-11.71814059788992779 0.75011106963046015
-11.68672467135403004 0.77051324277578970
-11.65530874481813228 0.79015501237569075
-11.62389281828223453 0.80901699437494767
-11.59247689174633678 0.82708057427456194
-11.56106096521043725 0.84432792550201607
-11.52964503867454127 0.86074202700394364
-11.49822911213864174 0.87630668004386436
-11.46681318560274576 0.89100652418836768
-11.43539725906684623 0.90482705246602002
-11.40398133253094848 0.91775462568398158
-11.37256540599505072 0.92977648588825168
-11.34114947945915297 0.94088076895422568
-11.30973355292325522 0.95105651629515375
-11.27831762638735569 0.96029368567694362
-11.24690169985145971 0.96858316112863119
-11.21548577331556018 0.97591676193874777
-11.18406984677966420 0.98228725072868861
-11.15265392024376467 0.98768834059513788
-11.12123799370786692 0.99211470131447799
-11.08982206717196917 0.99556196460308011
-11.05840614063607141 0.99802672842827156
-11.02699021410017366 0.99950656036573160
-10.99557428756427591 1.00000000000000000
-10.96415836102837815 0.99950656036573160
-10.93274243449247862 0.99802672842827145
-10.90132650795658265 0.99556196460308000
-10.86991058142068312 0.99211470131447765
-10.83849465488478714 0.98768834059513777
-10.80707872834888761 0.98228725072868850
-10.77566280181298985 0.97591676193874721
-10.74424687527709210 0.96858316112863097
-10.71283094874119435 0.96029368567694295
-10.68141502220529659 0.95105651629515342
-10.64999909566939706 0.94088076895422479
-10.61858316913350109 0.92977648588825135
-10.58716724259760156 0.91775462568398047
-10.55575131606170558 0.90482705246601969
-10.52433538952580605 0.89100652418836723
-10.49291946298990830 0.87630668004386303
-10.46150353645401054 0.86074202700394320
-10.43008760991811279 0.84432792550201463
-10.39867168338221504 0.82708057427456150
-10.36725575684631551 0.80901699437494612
-10.33583983031041953 0.79015501237569019
-10.30442390377452000 0.77051324277578803
-10.27300797723862402 0.75011106963045959
-10.24159205070272449 0.72896862742141055
-10.21017612416682674 0.70710678118654657
-10.17876019763092899 0.68454710592868784
-10.14734427109503123 0.66131186532365116
-10.11592834455913348 0.63742398974868908
-10.08451241802323572 0.61290705365297604
-10.05309649148733797 0.58778525229247280
-10.02168056495143844 0.56208337785212892
-9.99026463841554246 0.53582679497899655
-9.95884871187964293 0.50904141575036987
-9.92743278534374696 0.48175367410171555
-9.89601685880784743 0.45399049973954564
-9.86460093227194967 0.42577929156507166
-9.83318500573605192 0.39714789063477979
-9.80176907920015417 0.36812455268467725
-9.77035315266425641 0.33873792024529087
-9.73893722612835688 0.30901699437494540
-9.70752129959246091 0.27899110603922905
-9.67610537305656138 0.24868988716485305
-9.64468944652066540 0.21814324139654270
-9.61327351998476587 0.18738131458572321
-9.58185759344886812 0.15643446504022962
-9.55044166691297036 0.12533323356430318
-9.51902574037707261 0.09410831331851342
-9.48760981384117486 0.06279051952931265
-9.45619388730527710 0.03141075907812775
-9.42477796076937935 -0.00000000000000037
-9.39336203423347982 -0.03141075907813026
-9.36194610769758384 -0.06279051952931339
-9.33053018116168431 -0.09410831331851592
-9.29911425462578833 -0.12533323356430390
-9.26769832808988880 -0.15643446504023209
-9.23628240155399105 -0.18738131458572568
-9.20486647501809330 -0.21814324139654342
-9.17345054848219554 -0.24868988716485549
-9.14203462194629779 -0.27899110603922977
-9.11061869541039826 -0.30901699437494945
-9.07920276887450228 -0.33873792024529153
-9.04778684233860275 -0.36812455268467958
-9.01637091580270678 -0.39714789063478045
-8.98495498926680725 -0.42577929156507394
-8.95353906273090949 -0.45399049973954791
-8.92212313619501174 -0.48175367410171621
-8.89070720965911399 -0.50904141575037209
-8.85929128312321623 -0.53582679497899721
-8.82787535658731848 -0.56208337785213103
-8.79645943005142072 -0.58778525229247336
-8.76504350351552119 -0.61290705365297804
-8.73362757697962522 -0.63742398974868975
-8.70221165044372569 -0.66131186532365305
-8.67079572390782793 -0.68454710592868973
-8.63937979737193018 -0.70710678118654835
-8.60796387083603243 -0.72896862742141222
-8.57654794430013467 -0.75011106963046015
-8.54513201776423692 -0.77051324277578970
-8.51371609122833917 -0.79015501237569064
-8.48230016469243964 -0.80901699437494867
-8.45088423815654366 -0.82708057427456194
-8.41946831162064413 -0.84432792550201596
-8.38805238508474815 -0.86074202700394353
-8.35663645854884862 -0.87630668004386425
-8.32522053201295087 -0.89100652418836845
-8.29380460547705312 -0.90482705246602002
-8.26238867894115536 -0.91775462568398147
-8.23097275240525761 -0.92977648588825168
-8.19955682586935808 -0.94088076895422623
-8.16814089933346210 -0.95105651629515364
-8.13672497279756257 -0.96029368567694362
-8.10530904626166659 -0.96858316112863108
-8.07389311972576706 -0.97591676193874777
-8.04247719318986931 -0.98228725072868894
-8.01106126665397156 -0.98768834059513788
-7.97964534011807380 -0.99211470131447799
-7.94822941358217605 -0.99556196460308011
-7.91681348704627830 -0.99802672842827156
-7.88539756051037966 -0.99950656036573160
-7.85398163397448190 -1.00000000000000000
-7.82256570743858415 -0.99950656036573149
-7.79114978090268639 -0.99802672842827156
-7.75973385436678864 -0.99556196460308000
-7.72831792783089000 -0.99211470131447765
-7.69690200129499225 -0.98768834059513755
-7.66548607475909449 -0.98228725072868850
-7.63407014822319674 -0.97591676193874721
-7.60265422168729899 -0.96858316112863097
-7.57123829515140123 -0.96029368567694295
-7.53982236861550348 -0.95105651629515353
-7.50840644207960395 -0.94088076895422479
-7.47699051554370619 -0.92977648588825079
-7.44557458900780844 -0.91775462568398058
-7.41415866247191069 -0.90482705246601891
-7.38274273593601293 -0.89100652418836734
-7.35132680940011518 -0.87630668004386314
-7.31991088286421743 -0.86074202700394320
-7.28849495632831967 -0.84432792550201474
-7.25707902979242192 -0.82708057427456161
-7.22566310325652417 -0.80901699437494723
-7.19424717672062464 -0.79015501237568919
-7.16283125018472688 -0.77051324277578814
-7.13141532364882913 -0.75011106963045848
-7.09999939711293138 -0.72896862742141055
-7.06858347057703362 -0.70710678118654668
-7.03716754404113587 -0.68454710592868795
-7.00575161750523812 -0.66131186532365127
-6.97433569096934036 -0.63742398974868919
-6.94291976443344261 -0.61290705365297615
-6.91150383789754486 -0.58778525229247292
-6.88008791136164533 -0.56208337785212903
-6.84867198482574757 -0.53582679497899521
-6.81725605828984982 -0.50904141575036999
-6.78584013175395206 -0.48175367410171410
-6.75442420521805431 -0.45399049973954575
-6.72300827868215656 -0.42577929156507177
-6.69159235214625880 -0.39714789063477990
-6.66017642561036105 -0.36812455268467736
-6.62876049907446330 -0.33873792024529098
-6.59734457253856554 -0.30901699437494717
-6.56592864600266601 -0.27899110603922744
-6.53451271946676826 -0.24868988716485316
-6.50309679293087051 -0.21814324139654109
-6.47168086639497275 -0.18738131458572332
-6.44026493985907500 -0.15643446504022973
-6.40884901332317725 -0.12533323356430329
-6.37743308678727949 -0.09410831331851353
-6.34601716025138174 -0.06279051952931278
-6.31460123371548399 -0.03141075907812787
-6.28318530717958623 0.00000000000000024
-6.25176938064368670 0.03141075907813014
-6.22035345410778895 0.06279051952931504
-6.18893752757189120 0.09410831331851580
-6.15752160103599344 0.12533323356430554
-6.12610567450009569 0.15643446504023198
-6.09468974796419793 0.18738131458572557
-6.06327382142830018 0.21814324139654331
-6.03185789489240243 0.24868988716485535
-6.00044196835650467 0.27899110603922966
-5.96902604182060692 0.30901699437494762
-5.93761011528470739 0.33873792024529309
-5.90619418874880964 0.36812455268467947
-5.87477826221291188 0.39714789063478195
-5.84336233567701413 0.42577929156507383
-5.81194640914111638 0.45399049973954780
-5.78053048260521862 0.48175367410171610
-5.74911455606932087 0.50904141575037198
-5.71769862953342312 0.53582679497899710
-5.68628270299752536 0.56208337785213092
-5.65486677646162761 0.58778525229247336
-5.62345084992572808 0.61290705365297793
-5.59203492338983033 0.63742398974869097
-5.56061899685393257 0.66131186532365294
-5.52920307031803482 0.68454710592868961
-5.49778714378213706 0.70710678118654835
-5.46637121724623931 0.72896862742141211
-5.43495529071034156 0.75011106963046004
-5.40353936417444380 0.77051324277578959
-5.37212343763854605 0.79015501237569064
-5.34070751110264652 0.80901699437494856
-5.30929158456674877 0.82708057427456283
-5.27787565803085101 0.84432792550201596
-5.24645973149495326 0.86074202700394442
-5.21504380495905551 0.87630668004386425
-5.18362787842315775 0.89100652418836834
-5.15221195188726000 0.90482705246601991
-5.12079602535136225 0.91775462568398147
-5.08938009881546449 0.92977648588825157
-5.05796417227956674 0.94088076895422557
-5.02654824574366721 0.95105651629515420
-4.99513231920776946 0.96029368567694362
-4.96371639267187170 0.96858316112863152
-4.93230046613597395 0.97591676193874766
-4.90088453960007620 0.98228725072868894
-4.86946861306417844 0.98768834059513788
-4.83805268652828069 0.99211470131447799
-4.80663675999238293 0.99556196460308011
-4.77522083345648518 0.99802672842827156
-4.74380490692058743 0.99950656036573160
-4.71238898038468790 1.00000000000000000
-4.68097305384879014 0.99950656036573149
-4.64955712731289239 0.99802672842827145
-4.61814120077699464 0.99556196460307989
-4.58672527424109688 0.99211470131447765
-4.55530934770519913 0.98768834059513755
-4.52389342116930138 0.98228725072868850
-4.49247749463340362 0.97591676193874721
-4.46106156809750587 0.96858316112863097
-4.42964564156160812 0.96029368567694295
-4.39822971502570859 0.95105651629515298
-4.36681378848981083 0.94088076895422490
-4.33539786195391308 0.92977648588825079
-4.30398193541801533 0.91775462568398058
-4.27256600888211757 0.90482705246601902
-4.24115008234621982 0.89100652418836734
-4.20973415581032206 0.87630668004386314
-4.17831822927442431 0.86074202700394331
-4.14690230273852656 0.84432792550201485
-4.11548637620262880 0.82708057427456161
-4.08407044966672927 0.80901699437494634
-4.05265452313083152 0.79015501237568930
-4.02123859659493377 0.77051324277578825
-3.98982267005903601 0.75011106963045859
-3.95840674352313826 0.72896862742141066
-3.92699081698724051 0.70710678118654680
-3.89557489045134275 0.68454710592868806
-3.86415896391544500 0.66131186532365138
-3.83274303737954725 0.63742398974868930
-3.80132711084364949 0.61290705365297626
-3.76991118430774996 0.58778525229247158
-3.73849525777185221 0.56208337785212914
-3.70707933123595446 0.53582679497899532
-3.67566340470005670 0.50904141575037010
-3.64424747816415895 0.48175367410171421
-3.61283155162826120 0.45399049973954586
-3.58141562509236344 0.42577929156507188
-3.54999969855646569 0.39714789063478001
-3.51858377202056793 0.36812455268467748
-3.48716784548466840 0.33873792024528943
-3.45575191894877065 0.30901699437494562
-3.42433599241287290 0.27899110603922761
-3.39292006587697514 0.24868988716485330
-3.36150413934107739 0.21814324139654120
-3.33008821280517964 0.18738131458572346
-3.29867228626928188 0.15643446504022987
-3.26725635973338413 0.12533323356430343
-3.23584043319748638 0.09410831331851366
-3.20442450666158862 0.06279051952931290
-3.17300858012568909 0.03141075907812622
-3.14159265358979134 -0.00000000000000190
-3.11017672705389359 -0.03141075907813001
-3.07876080051799583 -0.06279051952931491
-3.04734487398209808 -0.09410831331851567
-3.01592894744620033 -0.12533323356430542
-2.98451302091030257 -0.15643446504023187
-2.95309709437440482 -0.18738131458572543
-2.92168116783850706 -0.21814324139654317
-2.89026524130260931 -0.24868988716485524
-2.85884931476670978 -0.27899110603923122
-2.82743338823081203 -0.30901699437494923
-2.79601746169491427 -0.33873792024529298
-2.76460153515901652 -0.36812455268467936
-2.73318560862311877 -0.39714789063478184
-2.70176968208722101 -0.42577929156507371
-2.67035375555132326 -0.45399049973954769
-2.63893782901542551 -0.48175367410171599
-2.60752190247952775 -0.50904141575037187
-2.57610597594363000 -0.53582679497899699
-2.54469004940773047 -0.56208337785213225
-2.51327412287183272 -0.58778525229247469
-2.48185819633593496 -0.61290705365297782
-2.45044226980003721 -0.63742398974869086
-2.41902634326413946 -0.66131186532365283
-2.38761041672824170 -0.68454710592868950
-2.35619449019234395 -0.70710678118654824
-2.32477856365644620 -0.72896862742141211
-2.29336263712054844 -0.75011106963045993
-2.26194671058465069 -0.77051324277578948
-2.23053078404875116 -0.79015501237569163
-2.19911485751285340 -0.80901699437494856
-2.16769893097695565 -0.82708057427456272
-2.13628300444105790 -0.84432792550201585
-2.10486707790516014 -0.86074202700394431
-2.07345115136926239 -0.87630668004386414
-2.04203522483336464 -0.89100652418836834
-2.01061929829746688 -0.90482705246601991
-1.97920337176156913 -0.91775462568398136
-1.94778744522567138 -0.92977648588825157
-1.91637151868977185 -0.94088076895422612
-1.88495559215387409 -0.95105651629515420
-1.85353966561797634 -0.96029368567694351
-1.82212373908207859 -0.96858316112863152
-1.79070781254618083 -0.97591676193874766
-1.75929188601028308 -0.98228725072868894
-1.72787595947438533 -0.98768834059513788
-1.69646003293848757 -0.99211470131447788
-1.66504410640258982 -0.99556196460308011
-1.63362817986669029 -0.99802672842827167
-1.60221225333079254 -0.99950656036573160
-1.57079632679489478 -1.00000000000000000
-1.53938040025899703 -0.99950656036573149
-1.50796447372309927 -0.99802672842827145
-1.47654854718720152 -0.99556196460307989
-1.44513262065130377 -0.99211470131447765
-1.41371669411540601 -0.98768834059513755
-1.38230076757950826 -0.98228725072868850
-1.35088484104361051 -0.97591676193874732
-1.31946891450771098 -0.96858316112863063
-1.28805298797181322 -0.96029368567694251
-1.25663706143591547 -0.95105651629515298
-1.22522113490001772 -0.94088076895422490
-1.19380520836411996 -0.92977648588825090
-1.16238928182822221 -0.91775462568398058
-1.13097335529232446 -0.90482705246601902
-1.09955742875642670 -0.89100652418836745
-1.06814150222052895 -0.87630668004386325
-1.03672557568463120 -0.86074202700394331
-1.00530964914873167 -0.84432792550201397
-0.97389372261283391 -0.82708057427456072
-0.94247779607693616 -0.80901699437494634
-0.91106186954103840 -0.79015501237568941
-0.87964594300514065 -0.77051324277578825
-0.84823001646924290 -0.75011106963045870
-0.81681408993334514 -0.72896862742141078
-0.78539816339744739 -0.70710678118654691
-0.75398223686154964 -0.68454710592868817
-0.72256631032565188 -0.66131186532365149
-0.69115038378975235 -0.63742398974868808
-0.65973445725385460 -0.61290705365297493
-0.62831853071795685 -0.58778525229247169
-0.59690260418205909 -0.56208337785212925
-0.56548667764616134 -0.53582679497899544
-0.53407075111026359 -0.50904141575037021
-0.50265482457436583 -0.48175367410171432
-0.47123889803846808 -0.45399049973954597
-0.43982297150257033 -0.42577929156507199
-0.40840704496667257 -0.39714789063478012
-0.37699111843077304 -0.36812455268467598
-0.34557519189487529 -0.33873792024528954
-0.31415926535897754 -0.30901699437494573
-0.28274333882307978 -0.27899110603922772
-0.25132741228718203 -0.24868988716485341
-0.21991148575128427 -0.21814324139654134
-0.18849555921538652 -0.18738131458572357
-0.15707963267948877 -0.15643446504022998
-0.12566370614359101 -0.12533323356430354
-0.09424777960769326 -0.09410831331851378
-0.06283185307179373 -0.06279051952931125
-0.03141592653589598 -0.03141075907812634
0.00000000000000178 0.00000000000000178
0.03141592653589953 0.03141075907812989
0.06283185307179728 0.06279051952931479
0.09424777960769504 0.09410831331851555
0.12566370614359279 0.12533323356430529
0.15707963267949054 0.15643446504023173
0.18849555921538830 0.18738131458572532
0.21991148575128605 0.21814324139654306
0.25132741228718558 0.24868988716485685
0.28274333882308333 0.27899110603923111
0.31415926535898109 0.30901699437494912
0.34557519189487707 0.33873792024529120
0.37699111843077660 0.36812455268467925
0.40840704496667612 0.39714789063478340
0.43982297150257210 0.42577929156507360
0.47123889803847163 0.45399049973954914
0.50265482457436761 0.48175367410171588
0.53407075111026714 0.50904141575037332
0.56548667764616312 0.53582679497899688
0.59690260418206265 0.56208337785213225
0.62831853071795862 0.58778525229247314
0.65973445725385815 0.61290705365297771
0.69115038378975768 0.63742398974869219
0.72256631032565366 0.66131186532365283
0.75398223686155319 0.68454710592869072
0.78539816339744917 0.70710678118654813
0.81681408993334870 0.72896862742141322
0.84823001646924467 0.75011106963045993
0.87964594300514420 0.77051324277579059
0.91106186954104018 0.79015501237569041
0.94247779607693971 0.80901699437494845
0.97389372261283569 0.82708057427456172
1.00530964914873522 0.84432792550201585
1.03672557568463475 0.86074202700394520
1.06814150222053073 0.87630668004386403
1.09955742875643026 0.89100652418836901
1.13097335529232623 0.90482705246601980
1.16238928182822576 0.91775462568398203
1.19380520836412174 0.92977648588825157
1.22522113490002127 0.94088076895422612
1.25663706143591725 0.95105651629515353
1.28805298797181678 0.96029368567694351
1.31946891450771631 0.96858316112863185
1.35088484104361228 0.97591676193874766
1.38230076757951181 0.98228725072868917
1.41371669411540779 0.98768834059513788
1.44513262065130732 0.99211470131447810
1.47654854718720330 0.99556196460308011
1.50796447372310283 0.99802672842827167
1.53938040025899880 0.99950656036573160
1.57079632679489833 1.00000000000000000
1.60221225333079431 0.99950656036573160
1.63362817986669384 0.99802672842827145
1.66504410640259337 0.99556196460307977
1.69646003293848935 0.99211470131447765
1.72787595947438888 0.98768834059513733
1.75929188601028486 0.98228725072868861
1.79070781254618439 0.97591676193874688
1.82212373908208036 0.96858316112863108
1.85353966561797989 0.96029368567694251
1.88495559215387587 0.95105651629515364
1.91637151868977540 0.94088076895422501
1.94778744522567493 0.92977648588825024
1.97920337176157091 0.91775462568398070
2.01061929829747044 0.90482705246601836
2.04203522483336641 0.89100652418836745
2.07345115136926594 0.87630668004386247
2.10486707790516192 0.86074202700394342
2.13628300444106145 0.84432792550201397
2.16769893097695743 0.82708057427456172
2.19911485751285696 0.80901699437494645
2.23053078404875293 0.79015501237569052
2.26194671058465246 0.77051324277578837
2.29336263712055199 0.75011106963045759
2.32477856365644797 0.72896862742141089
2.35619449019234750 0.70710678118654569
2.38761041672824348 0.68454710592868817
2.41902634326414301 0.66131186532365016
2.45044226980003899 0.63742398974868952
2.48185819633593852 0.61290705365297504
2.51327412287183449 0.58778525229247325
2.54469004940773402 0.56208337785212936
2.57610597594363355 0.53582679497899399
2.60752190247952953 0.50904141575037032
2.63893782901542906 0.48175367410171288
2.67035375555132504 0.45399049973954608
2.70176968208722457 0.42577929156507049
2.73318560862312054 0.39714789063478023
2.76460153515902007 0.36812455268467609
2.79601746169491605 0.33873792024529131
2.82743338823081558 0.30901699437494584
2.85884931476671511 0.27899110603922611
2.89026524130261109 0.24868988716485352
2.92168116783851062 0.21814324139653971
2.95309709437440659 0.18738131458572369
2.98451302091030612 0.15643446504022834
3.01592894744620210 0.12533323356430365
3.04734487398210163 0.09410831331851213
3.07876080051799761 0.06279051952931314
3.11017672705389714 0.03141075907812646
3.14159265358979312 0.00000000000000012
3.17300858012569265 -0.03141075907812977
3.20442450666159218 -0.06279051952931644
3.23584043319748815 -0.09410831331851544
3.26725635973338768 -0.12533323356430695
3.29867228626928366 -0.15643446504023162
3.33008821280518319 -0.18738131458572693
3.36150413934107917 -0.21814324139654295
3.39292006587697870 -0.24868988716485674
3.42433599241287467 -0.27899110603922928
3.45575191894877420 -0.30901699437494901
3.48716784548467373 -0.33873792024529442
3.51858377202056971 -0.36812455268467914
3.54999969855646924 -0.39714789063478328
3.58141562509236522 -0.42577929156507349
3.61283155162826475 -0.45399049973954902
3.64424747816416073 -0.48175367410171577
3.67566340470006025 -0.50904141575037321
3.70707933123595623 -0.53582679497899677
3.73849525777185576 -0.56208337785213214
3.76991118430775174 -0.58778525229247303
3.80132711084365127 -0.61290705365297760
3.83274303737955080 -0.63742398974869208
3.86415896391544678 -0.66131186532365271
3.89557489045134631 -0.68454710592869061
3.92699081698724228 -0.70710678118654802
3.95840674352314181 -0.72896862742141311
3.98982267005903779 -0.75011106963045981
4.02123859659493732 -0.77051324277579047
4.05265452313083330 -0.79015501237569041
4.08407044966673283 -0.80901699437494834
4.11548637620263236 -0.82708057427456361
4.14690230273852833 -0.84432792550201574
4.17831822927442786 -0.86074202700394509
4.20973415581032384 -0.87630668004386403
4.24115008234622337 -0.89100652418836901
4.27256600888211935 -0.90482705246601980
4.30398193541801888 -0.91775462568398203
4.33539786195391486 -0.92977648588825146
4.36681378848981439 -0.94088076895422612
4.39822971502571036 -0.95105651629515353
4.42964564156160989 -0.96029368567694351
4.46106156809750942 -0.96858316112863185
4.49247749463340540 -0.97591676193874766
4.52389342116930493 -0.98228725072868917
4.55530934770520091 -0.98768834059513788
4.58672527424110044 -0.99211470131447810
4.61814120077699641 -0.99556196460308000
4.64955712731289594 -0.99802672842827167
4.68097305384879192 -0.99950656036573160
4.71238898038469145 -1.00000000000000000
4.74380490692059098 -0.99950656036573149
4.77522083345648696 -0.99802672842827145
4.80663675999238649 -0.99556196460307977
4.83805268652828246 -0.99211470131447776
4.86946861306418199 -0.98768834059513733
4.90088453960007797 -0.98228725072868861
4.93230046613597750 -0.97591676193874699
4.96371639267187348 -0.96858316112863108
4.99513231920777301 -0.96029368567694262
5.02654824574367254 -0.95105651629515253
5.05796417227956852 -0.94088076895422501
5.08938009881546805 -0.92977648588825035
5.12079602535136402 -0.91775462568398070
5.15221195188726355 -0.90482705246601836
5.18362787842315953 -0.89100652418836757
5.21504380495905906 -0.87630668004386247
5.24645973149495504 -0.86074202700394342
5.27787565803085457 -0.84432792550201408
5.30929158456675054 -0.82708057427456183
5.34070751110265007 -0.80901699437494645
5.37212343763854960 -0.79015501237568841
5.40353936417444558 -0.77051324277578848
5.43495529071034511 -0.75011106963045771
5.46637121724624109 -0.72896862742141089
5.49778714378214062 -0.70710678118654580
5.52920307031803659 -0.68454710592868828
5.56061899685393612 -0.66131186532365027
5.59203492338983210 -0.63742398974868963
5.62345084992573163 -0.61290705365297515
5.65486677646163116 -0.58778525229247047
5.68628270299752714 -0.56208337785212947
5.71769862953342667 -0.53582679497899410
5.74911455606932265 -0.50904141575037043
5.78053048260522218 -0.48175367410171299
5.81194640914111815 -0.45399049973954619
5.84336233567701768 -0.42577929156507061
5.87477826221291366 -0.39714789063478034
5.90619418874881319 -0.36812455268467620
5.93761011528470917 -0.33873792024529142
5.96902604182060870 -0.30901699437494595
6.00044196835650823 -0.27899110603922622
6.03185789489240420 -0.24868988716485363
6.06327382142830373 -0.21814324139653984
6.09468974796419971 -0.18738131458572382
6.12610567450009924 -0.15643446504022848
6.15752160103599522 -0.12533323356430379
6.18893752757189475 -0.09410831331851226
6.22035345410779072 -0.06279051952931326
6.25176938064369025 -0.03141075907812658
6.28318530717958978 0.00000000000000331
6.31460123371548576 0.03141075907812965
6.34601716025138529 0.06279051952931632
6.37743308678728127 0.09410831331851531
6.40884901332318080 0.12533323356430681
6.44026493985907678 0.15643446504023151
6.47168086639497631 0.18738131458572682
6.50309679293087228 0.21814324139654281
6.53451271946677181 0.24868988716485660
6.56592864600267134 0.27899110603923261
6.59734457253856732 0.30901699437494889
6.62876049907446685 0.33873792024529431
6.66017642561036283 0.36812455268467903
6.69159235214626236 0.39714789063478317
6.72300827868215833 0.42577929156507338
6.75442420521805786 0.45399049973954891
6.78584013175395384 0.48175367410171566
6.81725605828985337 0.50904141575037309
6.84867198482574935 0.53582679497899666
6.88008791136164888 0.56208337785213203
6.91150383789754841 0.58778525229247580
6.94291976443344439 0.61290705365297760
6.97433569096934391 0.63742398974869197
7.00575161750523989 0.66131186532365260
7.03716754404113942 0.68454710592869050
7.06858347057703540 0.70710678118654791
7.09999939711293493 0.72896862742141300
7.13141532364883091 0.75011106963045970
7.16283125018473044 0.77051324277579036
7.19424717672062997 0.79015501237569252
7.22566310325652594 0.80901699437494834
7.25707902979242547 0.82708057427456361
7.28849495632832145 0.84432792550201574
7.31991088286422098 0.86074202700394498
7.35132680940011696 0.87630668004386392
7.38274273593601649 0.89100652418836890
7.41415866247191246 0.90482705246601969
7.44557458900781199 0.91775462568398192
7.47699051554370797 0.92977648588825146
7.50840644207960750 0.94088076895422601
7.53982236861550703 0.95105651629515453
7.57123829515140301 0.96029368567694340
7.60265422168730254 0.96858316112863185
7.63407014822319852 0.97591676193874766
7.66548607475909805 0.98228725072868917
7.69690200129499402 0.98768834059513777
7.72831792783089355 0.99211470131447810
7.75973385436678953 0.99556196460308000
7.79114978090268906 0.99802672842827167
7.82256570743858859 0.99950656036573171
7.85398163397448457 1.00000000000000000
7.88539756051038410 0.99950656036573149
7.91681348704628007 0.99802672842827145
7.94822941358217960 0.99556196460307977
7.97964534011807558 0.99211470131447776
8.01106126665397511 0.98768834059513733
8.04247719318987109 0.98228725072868861
8.07389311972577062 0.97591676193874699
8.10530904626166659 0.96858316112863108
8.13672497279756612 0.96029368567694262
8.16814089933346565 0.95105651629515253
8.19955682586936163 0.94088076895422501
8.23097275240526116 0.92977648588825035
8.26238867894115714 0.91775462568398081
8.29380460547705667 0.90482705246601847
8.32522053201295265 0.89100652418836757
8.35663645854885218 0.87630668004386258
8.38805238508474815 0.86074202700394353
8.41946831162064768 0.84432792550201408
8.45088423815654721 0.82708057427455994
8.48230016469244319 0.80901699437494656
8.51371609122834272 0.79015501237568853
8.54513201776423870 0.77051324277578859
8.57654794430013823 0.75011106963045782
8.60796387083603420 0.72896862742141100
8.63937979737193373 0.70710678118654591
8.67079572390782971 0.68454710592868839
8.70221165044372924 0.66131186532365038
8.73362757697962877 0.63742398974868697
8.76504350351552475 0.61290705365297526
8.79645943005142428 0.58778525229247058
8.82787535658732025 0.56208337785212958
8.85929128312321978 0.53582679497899421
8.89070720965911576 0.50904141575037054
8.92212313619501529 0.48175367410171310
8.95353906273091127 0.45399049973954630
8.98495498926681080 0.42577929156507072
9.01637091580270678 0.39714789063478045
9.04778684233860631 0.36812455268467631
9.07920276887450584 0.33873792024528820
9.11061869541040181 0.30901699437494606
9.14203462194630134 0.27899110603922633
9.17345054848219732 0.24868988716485377
9.20486647501809685 0.21814324139653996
9.23628240155399283 0.18738131458572393
9.26769832808989236 0.15643446504022859
9.29911425462578833 0.12533323356430390
9.33053018116168786 0.09410831331851238
9.36194610769758739 0.06279051952930984
9.39336203423348337 0.03141075907812671
9.42477796076938290 -0.00000000000000319
9.45619388730527888 -0.03141075907812952
9.48760981384117841 -0.06279051952931620
9.51902574037707438 -0.09410831331851519
9.55044166691297391 -0.12533323356430670
9.58185759344886989 -0.15643446504023137
9.61327351998476942 -0.18738131458572671
9.64468944652066540 -0.21814324139654270
9.67610537305656493 -0.24868988716485649
9.70752129959246446 -0.27899110603923249
9.73893722612836044 -0.30901699437494873
9.77035315266425997 -0.33873792024529420
9.80176907920015594 -0.36812455268467892
9.83318500573605547 -0.39714789063478301
9.86460093227195145 -0.42577929156507327
9.89601685880785098 -0.45399049973954880
9.92743278534374696 -0.48175367410171555
9.95884871187964649 -0.50904141575037298
9.99026463841554602 -0.53582679497899954
10.02168056495144199 -0.56208337785213192
10.05309649148734152 -0.58778525229247569
10.08451241802323750 -0.61290705365297748
10.11592834455913703 -0.63742398974869185
10.14734427109503301 -0.66131186532365249
10.17876019763093254 -0.68454710592869050
10.21017612416682852 -0.70710678118654791
10.24159205070272805 -0.72896862742141300
10.27300797723862402 -0.75011106963045959
10.30442390377452355 -0.77051324277579036
10.33583983031042308 -0.79015501237569241
10.36725575684631906 -0.80901699437494823
10.39867168338221859 -0.82708057427456350
10.43008760991811457 -0.84432792550201563
10.46150353645401410 -0.86074202700394498
10.49291946298991007 -0.87630668004386392
10.52433538952580960 -0.89100652418836890
10.55575131606170558 -0.90482705246601969
10.58716724259760511 -0.91775462568398192
10.61858316913350464 -0.92977648588825268
10.64999909566940062 -0.94088076895422601
10.68141502220530015 -0.95105651629515453
10.71283094874119612 -0.96029368567694340
10.74424687527709565 -0.96858316112863185
10.77566280181299163 -0.97591676193874755
10.80707872834889116 -0.98228725072868917
10.83849465488478714 -0.98768834059513777
10.86991058142068667 -0.99211470131447810
10.90132650795658620 -0.99556196460308033
10.93274243449248218 -0.99802672842827167
10.96415836102838171 -0.99950656036573171
10.99557428756427768 -1.00000000000000000
11.02699021410017721 -0.99950656036573149
11.05840614063607319 -0.99802672842827145
11.08982206717197272 -0.99556196460307977
11.12123799370786870 -0.99211470131447776
11.15265392024376823 -0.98768834059513733
11.18406984677966420 -0.98228725072868861
11.21548577331556373 -0.97591676193874699
11.24690169985146326 -0.96858316112863030
11.27831762638735924 -0.96029368567694262
11.30973355292325877 -0.95105651629515264
11.34114947945915475 -0.94088076895422512
11.37256540599505428 -0.92977648588825035
11.40398133253095025 -0.91775462568398081
11.43539725906684978 -0.90482705246601847
11.46681318560274576 -0.89100652418836768
11.49822911213864529 -0.87630668004386258
11.52964503867454482 -0.86074202700394176
11.56106096521044080 -0.84432792550201419
11.59247689174634033 -0.82708057427455994
11.62389281828223631 -0.80901699437494667
11.65530874481813584 -0.79015501237568853
11.68672467135403181 -0.77051324277578859
11.71814059788993134 -0.75011106963045782
11.74955652442582732 -0.72896862742141111
11.78097245096172685 -0.70710678118654602
11.81238837749762283 -0.68454710592868850
11.84380430403352236 -0.66131186532365049
11.87522023056942189 -0.63742398974868708
11.90663615710531786 -0.61290705365297526
11.93805208364121739 -0.58778525229247058
11.96946801017711337 -0.56208337785212970
12.00088393671301290 -0.53582679497899433
12.03229986324890888 -0.50904141575037065
12.06371578978480841 -0.48175367410171321
12.09513171632070438 -0.45399049973954642
12.12654764285660391 -0.42577929156507083
12.15796356939250344 -0.39714789063477729
12.18937949592839942 -0.36812455268467642
12.22079542246429895 -0.33873792024528832
12.25221134900019493 -0.30901699437494617
12.28362727553609446 -0.27899110603922644
12.31504320207199044 -0.24868988716485388
12.34645912860788997 -0.21814324139654007
12.37787505514378594 -0.18738131458572405
12.40929098167968547 -0.15643446504022870
12.44070690821558500 -0.12533323356430048
12.47212283475148098 -0.09410831331851251
12.50353876128738051 -0.06279051952930996
12.53495468782327649 -0.03141075907812683
12.56637061435917602 0.00000000000000306
12.59778654089507199 0.03141075907812940
12.62920246743097152 0.06279051952931608
12.66061839396686750 0.09410831331851506
12.69203432050276703 0.12533323356430656
12.72345024703866301 0.15643446504023126
12.75486617357456254 0.18738131458572657
12.78628210011046207 0.21814324139654606
12.81769802664635804 0.24868988716485638
12.84911395318225757 0.27899110603923233
12.88052987971815355 0.30901699437494862
12.91194580625405308 0.33873792024529409
12.94336173278994906 0.36812455268467881
12.97477765932584859 0.39714789063478290
13.00619358586174457 0.42577929156507316
13.03760951239764410 0.45399049973954869
13.06902543893354363 0.48175367410171854
13.10044136546943960 0.50904141575037287
13.13185729200533913 0.53582679497899943
13.16327321854123511 0.56208337785213180
13.19468914507713464 0.58778525229247558
13.22610507161303062 0.61290705365297737
13.25752099814893015 0.63742398974869174
13.28893692468482612 0.66131186532365238
13.32035285122072565 0.68454710592869039
13.35176877775662163 0.70710678118654779
13.38318470429252116 0.72896862742141288
13.41460063082842069 0.75011106963046192
13.44601655736431667 0.77051324277579025
13.47743248390021620 0.79015501237569230
13.50884841043611218 0.80901699437494812
13.54026433697201171 0.82708057427456338
13.57168026350790768 0.84432792550201552
13.60309619004380721 0.86074202700394487
13.63451211657970319 0.87630668004386381
13.66592804311560272 0.89100652418836879
13.69734396965150225 0.90482705246602113
13.72875989618739823 0.91775462568398181
13.76017582272329776 0.92977648588825268
13.79159174925919373 0.94088076895422590
13.82300767579509326 0.95105651629515453
13.85442360233098924 0.96029368567694340
13.88583952886688877 0.96858316112863174
13.91725545540278475 0.97591676193874755
13.94867138193868428 0.98228725072868917
13.98008730847458025 0.98768834059513777
14.01150323501047978 0.99211470131447810
14.04291916154637931 0.99556196460308033
14.07433508808227529 0.99802672842827167
14.10575101461817482 0.99950656036573171
14.13716694115407080 1.00000000000000000
14.16858286768997033 0.99950656036573149
14.19999879422586631 0.99802672842827156
14.23141472076176584 0.99556196460307977
14.26283064729766181 0.99211470131447776
14.29424657383356134 0.98768834059513744
14.32566250036946087 0.98228725072868794
14.35707842690535685 0.97591676193874699
14.38849435344125638 0.96858316112863030
14.41991027997715236 0.96029368567694273
14.45132620651305189 0.95105651629515264
14.48274213304894786 0.94088076895422512
14.51415805958484739 0.92977648588825046
14.54557398612074337 0.91775462568398092
14.57698991265664290 0.90482705246601858
14.60840583919254243 0.89100652418836612
14.63982176572843841 0.87630668004386270
14.67123769226433794 0.86074202700394187
14.70265361880023391 0.84432792550201430
14.73406954533613344 0.82708057427456005
14.76548547187202942 0.80901699437494667
14.79690139840792895 0.79015501237568864
14.82831732494382493 0.77051324277578870
14.85973325147972446 0.75011106963045793
14.89114917801562044 0.72896862742141122
14.92256510455151997 0.70710678118654602
14.95398103108741950 0.68454710592868595
14.98539695762331547 0.66131186532365061
15.01681288415921500 0.63742398974868719
15.04822881069511098 0.61290705365297538
15.07964473723101051 0.58778525229247069
15.11106066376690649 0.56208337785212981
15.14247659030280602 0.53582679497899444
15.17389251683870199 0.50904141575037076
15.20530844337460152 0.48175367410171333
15.23672436991050105 0.45399049973954336
15.26814029644639703 0.42577929156507094
15.29955622298229656 0.39714789063477740
15.33097214951819254 0.36812455268467653
15.36238807605409207 0.33873792024528843
15.39380400258998804 0.30901699437494629
15.42521992912588757 0.27899110603922661
15.45663585566178355 0.24868988716485399
15.48805178219768308 0.21814324139654021
15.51946770873357906 0.18738131458572418
15.55088363526947859 0.15643446504022884
15.58229956180537812 0.12533323356430062
15.61371548834127410 0.09410831331851263
15.64513141487717363 0.06279051952931008
15.67654734141306960 0.03141075907812695
