0 1.00000000000000000 0.09629261128609790 0.21797619995462270 0.15713440562036030
1 0.10000000000000001 -0.00496089580580350 0.00826325356724722 0.00165117888072197
2 0.01000000000000000 -0.00064523327174215 0.00067827319996161 0.00001651996410978
3 0.00100000000000000 -0.00006601067027934 0.00006634106878900 0.00000016519925483
4 0.00010000000000000 -0.00000661593320628 0.00000661924169421 0.00000000165424396
5 0.00001000000000000 -0.00000066170526214 0.00000066181380998 0.00000000005427392
6 0.00000100000000000 -0.00000006718915924 0.00000006514942530 -0.00000000101986697
7 0.00000010000000000 -0.00000001822832385 -0.00000000490564755 -0.00000001156698570
8 0.00000001000000000 -0.00000008289881503 -0.00000008012325747 -0.00000008151103625
9 0.00000000100000000 -0.00000008567437249 -0.00000008567437249 -0.00000008567437249
10 0.00000000010000000 0.00001762238287017 0.00001762238287017 0.00001762238287017
11 0.00000000001000000 -0.00008757124871317 -0.00008757124871317 -0.00008757124871317
12 0.00000000000100000 0.00166103001507156 0.00166103001507156 0.00166103001507156
13 0.00000000000010000 0.00504721024017829 0.00532476599633458 0.00518598811825643
14 0.00000000000001000 -0.06628461909198802 -0.06628461909198802 -0.06628461909198802
15 0.00000000000000100 0.99120281186347359 0.99120281186347359 0.99120281186347359
16 0.00000000000000010 0.99120281186347359 0.99120281186347359 0.99120281186347359
