1 0.99120281186347359 0.99616370766927709 -0.00496089580580350 
2 0.99120281186347359 0.99184804513521574 -0.00064523327174215 
3 0.99120281186347359 0.99126882253375292 -0.00006601067027934 
4 0.99120281186347359 0.99120942779667986 -0.00000661593320628 
5 0.99120281186347359 0.99120347356873573 -0.00000066170526214 
6 0.99120281186347359 0.99120287905263282 -0.00000006718915924 
7 0.99120281186347359 0.99120283009179744 -0.00000001822832385 
8 0.99120281186347359 0.99120289476228862 -0.00000008289881503 
9 0.99120281186347359 0.99120289753784607 -0.00000008567437249 
10 0.99120281186347359 0.99118518948060341 0.00001762238287017 
11 0.99120281186347359 0.99129038311218676 -0.00008757124871317 
12 0.99120281186347359 0.98954178184840202 0.00166103001507156 
13 0.99120281186347359 0.98615560162329530 0.00504721024017829 
