0.100000 94.182539
0.139940 79.615853
0.179880 70.222955
0.219820 63.523873
0.259760 58.436535
0.299700 54.403550
0.339640 51.104743
0.379580 48.341372
0.419520 45.982683
0.459459 43.938659
0.499399 42.145032
0.539339 40.554527
0.579279 39.131491
0.619219 37.848457
0.659159 36.683879
0.699099 35.620583
0.739039 34.644692
0.778979 33.744852
0.818919 32.911672
0.858859 32.137308
0.898799 31.415151
0.938739 30.739587
0.978679 30.105811
1.018619 29.509686
1.058559 28.947626
1.098498 28.416505
1.138438 27.913585
1.178378 27.436456
1.218318 26.982986
1.258258 26.551282
1.298198 26.139658
1.338138 25.746602
1.378078 25.370760
1.418018 25.010911
1.457958 24.665953
1.497898 24.334884
1.537838 24.016799
1.577778 23.710869
1.617718 23.416340
1.657658 23.132521
1.697598 22.858778
1.737538 22.594529
1.777477 22.339237
1.817417 22.092408
1.857357 21.853583
1.897297 21.622340
1.937237 21.398286
1.977177 21.181056
2.017117 20.970309
2.057057 20.765731
2.096997 20.567026
2.136937 20.373917
2.176877 20.186148
2.216817 20.003477
2.256757 19.825677
2.296697 19.652535
2.336637 19.483851
2.376577 19.319438
2.416517 19.159118
2.456456 19.002724
2.496396 18.850098
2.536336 18.701092
2.576276 18.555565
2.616216 18.413383
2.656156 18.274420
2.696096 18.138556
2.736036 18.005678
2.775976 17.875679
2.815916 17.748455
2.855856 17.623909
2.895796 17.501950
2.935736 17.382487
2.975676 17.265438
3.015616 17.150722
3.055556 17.038262
3.095495 16.927987
3.135435 16.819825
3.175375 16.713710
3.215315 16.609578
3.255255 16.507369
3.295195 16.407024
3.335135 16.308487
3.375075 16.211704
3.415015 16.116624
3.454955 16.023198
3.494895 15.931378
3.534835 15.841118
3.574775 15.752375
3.614715 15.665108
3.654655 15.579274
3.694595 15.494837
3.734535 15.411757
3.774474 15.330000
3.814414 15.249530
3.854354 15.170314
3.894294 15.092320
3.934234 15.015517
3.974174 14.939874
4.014114 14.865364
4.054054 14.791957
4.093994 14.719627
4.133934 14.648347
4.173874 14.578094
4.213814 14.508841
4.253754 14.440566
4.293694 14.373246
4.333634 14.306859
4.373574 14.241383
4.413514 14.176798
4.453453 14.113084
4.493393 14.050222
4.533333 13.988191
4.573273 13.926976
4.613213 13.866557
4.653153 13.806917
4.693093 13.748041
4.733033 13.689911
4.772973 13.632513
4.812913 13.575830
4.852853 13.519849
4.892793 13.464554
4.932733 13.409933
4.972673 13.355971
5.012613 13.302655
5.052553 13.249972
5.092492 13.197911
5.132432 13.146458
5.172372 13.095603
5.212312 13.045333
5.252252 12.995638
5.292192 12.946506
5.332132 12.897928
5.372072 12.849892
5.412012 12.802389
5.451952 12.755409
5.491892 12.708942
5.531832 12.662980
5.571772 12.617512
5.611712 12.572531
5.651652 12.528028
5.691592 12.483993
5.731532 12.440420
5.771471 12.397300
5.811411 12.354625
5.851351 12.312388
5.891291 12.270582
5.931231 12.229198
5.971171 12.188230
6.011111 12.147671
6.051051 12.107514
6.090991 12.067753
6.130931 12.028381
6.170871 11.989392
6.210811 11.950780
6.250751 11.912538
6.290691 11.874661
6.330631 11.837143
6.370571 11.799979
6.410511 11.763162
6.450450 11.726688
6.490390 11.690551
6.530330 11.654746
6.570270 11.619268
6.610210 11.584112
6.650150 11.549274
6.690090 11.514747
6.730030 11.480529
6.769970 11.446614
6.809910 11.412997
6.849850 11.379675
6.889790 11.346643
6.929730 11.313898
6.969670 11.281434
7.009610 11.249248
7.049550 11.217336
7.089489 11.185693
7.129429 11.154318
7.169369 11.123204
7.209309 11.092350
7.249249 11.061751
7.289189 11.031404
7.329129 11.001305
7.369069 10.971451
7.409009 10.941839
7.448949 10.912466
7.488889 10.883328
7.528829 10.854422
7.568769 10.825745
7.608709 10.797294
7.648649 10.769066
7.688589 10.741059
7.728529 10.713268
7.768468 10.685693
7.808408 10.658329
7.848348 10.631175
7.888288 10.604227
7.928228 10.577483
7.968168 10.550940
8.008108 10.524596
8.048048 10.498448
8.087988 10.472495
8.127928 10.446732
8.167868 10.421159
8.207808 10.395773
8.247748 10.370572
8.287688 10.345553
8.327628 10.320714
8.367568 10.296053
8.407508 10.271568
8.447447 10.247257
8.487387 10.223118
8.527327 10.199149
8.567267 10.175347
8.607207 10.151711
8.647147 10.128240
8.687087 10.104930
8.727027 10.081780
8.766967 10.058789
8.806907 10.035955
8.846847 10.013275
8.886787 9.990748
8.926727 9.968373
8.966667 9.946147
9.006607 9.924070
9.046547 9.902138
9.086486 9.880352
9.126426 9.858708
9.166366 9.837207
9.206306 9.815845
9.246246 9.794622
9.286186 9.773536
9.326126 9.752585
9.366066 9.731769
9.406006 9.711085
9.445946 9.690533
9.485886 9.670111
9.525826 9.649817
9.565766 9.629650
9.605706 9.609610
9.645646 9.589694
9.685586 9.569901
9.725526 9.550231
9.765465 9.530681
9.805405 9.511250
9.845345 9.491939
9.885285 9.472744
9.925225 9.453665
9.965165 9.434701
10.005105 9.415851
10.045045 9.397113
10.084985 9.378487
10.124925 9.359971
10.164865 9.341564
10.204805 9.323265
10.244745 9.305074
10.284685 9.286988
10.324625 9.269008
10.364565 9.251132
10.404505 9.233358
10.444444 9.215687
10.484384 9.198117
10.524324 9.180647
10.564264 9.163276
10.604204 9.146003
10.644144 9.128828
10.684084 9.111749
10.724024 9.094765
10.763964 9.077877
10.803904 9.061082
10.843844 9.044379
10.883784 9.027769
10.923724 9.011250
10.963664 8.994821
11.003604 8.978482
11.043544 8.962232
11.083483 8.946069
11.123423 8.929994
11.163363 8.914005
11.203303 8.898101
11.243243 8.882283
11.283183 8.866548
11.323123 8.850897
11.363063 8.835328
11.403003 8.819841
11.442943 8.804436
11.482883 8.789111
11.522823 8.773865
11.562763 8.758699
11.602703 8.743611
11.642643 8.728600
11.682583 8.713667
11.722523 8.698810
11.762462 8.684029
11.802402 8.669323
11.842342 8.654691
11.882282 8.640134
11.922222 8.625649
11.962162 8.611237
12.002102 8.596897
12.042042 8.582629
12.081982 8.568431
12.121922 8.554303
12.161862 8.540246
12.201802 8.526257
12.241742 8.512337
12.281682 8.498484
12.321622 8.484699
12.361562 8.470981
12.401502 8.457330
12.441441 8.443744
12.481381 8.430223
12.521321 8.416767
12.561261 8.403375
12.601201 8.390048
12.641141 8.376783
12.681081 8.363581
12.721021 8.350441
12.760961 8.337363
12.800901 8.324346
12.840841 8.311390
12.880781 8.298494
12.920721 8.285658
12.960661 8.272882
13.000601 8.260164
13.040541 8.247505
13.080480 8.234904
13.120420 8.222361
13.160360 8.209874
13.200300 8.197445
13.240240 8.185071
13.280180 8.172754
13.320120 8.160492
13.360060 8.148285
13.400000 8.136132
13.439940 8.124034
13.479880 8.111990
13.519820 8.099999
13.559760 8.088061
13.599700 8.076175
13.639640 8.064342
13.679580 8.052561
13.719520 8.040831
13.759459 8.029153
13.799399 8.017525
13.839339 8.005947
13.879279 7.994420
13.919219 7.982942
13.959159 7.971513
13.999099 7.960133
14.039039 7.948802
14.078979 7.937520
14.118919 7.926285
14.158859 7.915097
14.198799 7.903957
14.238739 7.892864
14.278679 7.881818
14.318619 7.870817
14.358559 7.859863
14.398498 7.848954
14.438438 7.838091
14.478378 7.827272
14.518318 7.816498
14.558258 7.805769
14.598198 7.795083
14.638138 7.784442
14.678078 7.773844
14.718018 7.763289
14.757958 7.752776
14.797898 7.742307
14.837838 7.731880
14.877778 7.721494
14.917718 7.711151
14.957658 7.700849
14.997598 7.690588
15.037538 7.680368
15.077477 7.670189
15.117417 7.660050
15.157357 7.649951
15.197297 7.639892
15.237237 7.629872
15.277177 7.619892
15.317117 7.609951
15.357057 7.600049
15.396997 7.590185
15.436937 7.580360
15.476877 7.570573
15.516817 7.560823
15.556757 7.551111
15.596697 7.541437
15.636637 7.531799
15.676577 7.522198
15.716517 7.512634
15.756456 7.503107
15.796396 7.493615
15.836336 7.484160
15.876276 7.474740
15.916216 7.465355
15.956156 7.456006
15.996096 7.446692
16.036036 7.437413
16.075976 7.428168
16.115916 7.418958
16.155856 7.409782
16.195796 7.400639
16.235736 7.391531
16.275676 7.382456
16.315616 7.373415
16.355556 7.364406
16.395495 7.355431
16.435435 7.346488
16.475375 7.337578
16.515315 7.328700
16.555255 7.319855
16.595195 7.311041
16.635135 7.302259
16.675075 7.293509
16.715015 7.284790
16.754955 7.276102
16.794895 7.267445
16.834835 7.258819
16.874775 7.250224
16.914715 7.241659
16.954655 7.233124
16.994595 7.224620
17.034535 7.216145
17.074474 7.207700
17.114414 7.199285
17.154354 7.190899
17.194294 7.182543
17.234234 7.174215
17.274174 7.165917
17.314114 7.157647
17.354054 7.149405
17.393994 7.141192
17.433934 7.133008
17.473874 7.124851
17.513814 7.116722
17.553754 7.108622
17.593694 7.100548
17.633634 7.092502
17.673574 7.084484
17.713514 7.076492
17.753453 7.068528
17.793393 7.060590
17.833333 7.052679
17.873273 7.044795
17.913213 7.036937
17.953153 7.029105
17.993093 7.021299
18.033033 7.013519
18.072973 7.005765
18.112913 6.998037
18.152853 6.990334
18.192793 6.982657
18.232733 6.975005
18.272673 6.967378
18.312613 6.959776
18.352553 6.952198
18.392492 6.944646
18.432432 6.937118
18.472372 6.929614
18.512312 6.922135
18.552252 6.914680
18.592192 6.907249
18.632132 6.899842
18.672072 6.892458
18.712012 6.885098
18.751952 6.877762
18.791892 6.870449
18.831832 6.863160
18.871772 6.855893
18.911712 6.848650
18.951652 6.841430
18.991592 6.834232
19.031532 6.827057
19.071471 6.819904
19.111411 6.812774
19.151351 6.805667
19.191291 6.798581
19.231231 6.791518
19.271171 6.784476
19.311111 6.777457
19.351051 6.770459
19.390991 6.763483
19.430931 6.756528
19.470871 6.749595
19.510811 6.742683
19.550751 6.735792
19.590691 6.728922
19.630631 6.722074
19.670571 6.715246
19.710511 6.708439
19.750450 6.701652
19.790390 6.694886
19.830330 6.688141
19.870270 6.681416
19.910210 6.674711
19.950150 6.668026
19.990090 6.661362
20.030030 6.654717
20.069970 6.648092
20.109910 6.641487
20.149850 6.634902
20.189790 6.628336
20.229730 6.621789
20.269670 6.615262
20.309610 6.608754
20.349550 6.602266
20.389489 6.595796
20.429429 6.589345
20.469369 6.582914
20.509309 6.576501
20.549249 6.570107
20.589189 6.563731
20.629129 6.557374
20.669069 6.551035
20.709009 6.544715
20.748949 6.538413
20.788889 6.532129
20.828829 6.525863
20.868769 6.519615
20.908709 6.513386
20.948649 6.507174
20.988589 6.500979
21.028529 6.494803
21.068468 6.488643
21.108408 6.482502
21.148348 6.476378
21.188288 6.470271
21.228228 6.464181
21.268168 6.458109
21.308108 6.452053
21.348048 6.446015
21.387988 6.439993
21.427928 6.433989
21.467868 6.428001
21.507808 6.422030
21.547748 6.416075
21.587688 6.410137
21.627628 6.404216
21.667568 6.398311
21.707508 6.392422
21.747447 6.386549
21.787387 6.380693
21.827327 6.374852
21.867267 6.369028
21.907207 6.363219
21.947147 6.357427
21.987087 6.351650
22.027027 6.345889
22.066967 6.340143
22.106907 6.334413
22.146847 6.328699
22.186787 6.323000
22.226727 6.317317
22.266667 6.311648
22.306607 6.305995
22.346547 6.300357
22.386486 6.294735
22.426426 6.289127
22.466366 6.283534
22.506306 6.277956
22.546246 6.272393
22.586186 6.266845
22.626126 6.261311
22.666066 6.255792
22.706006 6.250288
22.745946 6.244798
22.785886 6.239323
22.825826 6.233861
22.865766 6.228415
22.905706 6.222982
22.945646 6.217564
22.985586 6.212160
23.025526 6.206770
23.065465 6.201393
23.105405 6.196031
23.145345 6.190683
23.185285 6.185348
23.225225 6.180028
23.265165 6.174721
23.305105 6.169427
23.345045 6.164148
23.384985 6.158881
23.424925 6.153629
23.464865 6.148389
23.504805 6.143163
23.544745 6.137951
23.584685 6.132751
23.624625 6.127565
23.664565 6.122392
23.704505 6.117232
23.744444 6.112085
23.784384 6.106951
23.824324 6.101830
23.864264 6.096722
23.904204 6.091626
23.944144 6.086544
23.984084 6.081474
24.024024 6.076416
24.063964 6.071372
24.103904 6.066339
24.143844 6.061320
24.183784 6.056312
24.223724 6.051318
24.263664 6.046335
24.303604 6.041365
24.343544 6.036407
24.383483 6.031461
24.423423 6.026527
24.463363 6.021606
24.503303 6.016696
24.543243 6.011799
24.583183 6.006913
24.623123 6.002039
24.663063 5.997177
24.703003 5.992327
24.742943 5.987489
24.782883 5.982662
24.822823 5.977847
24.862763 5.973044
24.902703 5.968252
24.942643 5.963472
24.982583 5.958703
25.022523 5.953945
25.062462 5.949199
25.102402 5.944465
25.142342 5.939741
25.182282 5.935029
25.222222 5.930328
25.262162 5.925638
25.302102 5.920960
25.342042 5.916292
25.381982 5.911635
25.421922 5.906990
25.461862 5.902355
25.501802 5.897731
25.541742 5.893118
25.581682 5.888516
25.621622 5.883924
25.661562 5.879344
25.701502 5.874774
25.741441 5.870214
25.781381 5.865666
25.821321 5.861127
25.861261 5.856600
25.901201 5.852083
25.941141 5.847576
25.981081 5.843079
26.021021 5.838593
26.060961 5.834118
26.100901 5.829652
26.140841 5.825197
26.180781 5.820752
26.220721 5.816317
26.260661 5.811892
26.300601 5.807478
26.340541 5.803073
26.380480 5.798679
26.420420 5.794294
26.460360 5.789919
26.500300 5.785555
26.540240 5.781200
26.580180 5.776855
26.620120 5.772519
26.660060 5.768194
26.700000 5.763878
26.739940 5.759572
26.779880 5.755275
26.819820 5.750988
26.859760 5.746711
26.899700 5.742443
26.939640 5.738184
26.979580 5.733936
27.019520 5.729696
27.059459 5.725466
27.099399 5.721245
27.139339 5.717034
27.179279 5.712832
27.219219 5.708639
27.259159 5.704455
27.299099 5.700281
27.339039 5.696115
27.378979 5.691959
27.418919 5.687812
27.458859 5.683674
27.498799 5.679545
27.538739 5.675425
27.578679 5.671314
27.618619 5.667211
27.658559 5.663118
27.698498 5.659034
27.738438 5.654958
27.778378 5.650891
27.818318 5.646833
27.858258 5.642784
27.898198 5.638743
27.938138 5.634711
27.978078 5.630688
28.018018 5.626673
28.057958 5.622667
28.097898 5.618669
28.137838 5.614680
28.177778 5.610700
28.217718 5.606728
28.257658 5.602764
28.297598 5.598808
28.337538 5.594861
28.377477 5.590923
28.417417 5.586993
28.457357 5.583070
28.497297 5.579157
28.537237 5.575251
28.577177 5.571354
28.617117 5.567464
28.657057 5.563583
28.696997 5.559710
28.736937 5.555845
28.776877 5.551989
28.816817 5.548140
28.856757 5.544299
28.896697 5.540466
28.936637 5.536641
28.976577 5.532824
29.016517 5.529015
29.056456 5.525214
29.096396 5.521420
29.136336 5.517634
29.176276 5.513857
29.216216 5.510086
29.256156 5.506324
29.296096 5.502569
29.336036 5.498822
29.375976 5.495083
29.415916 5.491351
29.455856 5.487627
29.495796 5.483910
29.535736 5.480201
29.575676 5.476500
29.615616 5.472805
29.655556 5.469119
29.695495 5.465440
29.735435 5.461768
29.775375 5.458104
29.815315 5.454447
29.855255 5.450797
29.895195 5.447155
29.935135 5.443519
29.975075 5.439892
30.015015 5.436271
30.054955 5.432658
30.094895 5.429052
30.134835 5.425453
30.174775 5.421861
30.214715 5.418276
30.254655 5.414699
30.294595 5.411128
30.334535 5.407565
30.374474 5.404008
30.414414 5.400459
30.454354 5.396916
30.494294 5.393381
30.534234 5.389852
30.574174 5.386331
30.614114 5.382816
30.654054 5.379308
30.693994 5.375807
30.733934 5.372313
30.773874 5.368826
30.813814 5.365345
30.853754 5.361871
30.893694 5.358404
30.933634 5.354944
30.973574 5.351490
31.013514 5.348043
31.053453 5.344603
31.093393 5.341169
31.133333 5.337742
31.173273 5.334322
31.213213 5.330908
31.253153 5.327500
31.293093 5.324099
31.333033 5.320705
31.372973 5.317317
31.412913 5.313936
31.452853 5.310561
31.492793 5.307192
31.532733 5.303830
31.572673 5.300474
31.612613 5.297125
31.652553 5.293782
31.692492 5.290445
31.732432 5.287114
31.772372 5.283790
31.812312 5.280472
31.852252 5.277161
31.892192 5.273855
31.932132 5.270556
31.972072 5.267263
32.012012 5.263976
32.051952 5.260695
32.091892 5.257421
32.131832 5.254152
32.171772 5.250890
32.211712 5.247633
32.251652 5.244383
32.291592 5.241139
32.331532 5.237901
32.371471 5.234668
32.411411 5.231442
32.451351 5.228222
32.491291 5.225007
32.531231 5.221799
32.571171 5.218596
32.611111 5.215400
32.651051 5.212209
32.690991 5.209024
32.730931 5.205845
32.770871 5.202671
32.810811 5.199504
32.850751 5.196342
32.890691 5.193186
32.930631 5.190036
32.970571 5.186891
33.010511 5.183753
33.050450 5.180620
33.090390 5.177492
33.130330 5.174370
33.170270 5.171254
33.210210 5.168144
33.250150 5.165039
33.290090 5.161939
33.330030 5.158846
33.369970 5.155758
33.409910 5.152675
33.449850 5.149598
33.489790 5.146526
33.529730 5.143460
33.569670 5.140399
33.609610 5.137344
33.649550 5.134294
33.689489 5.131250
33.729429 5.128211
33.769369 5.125178
33.809309 5.122149
33.849249 5.119127
33.889189 5.116109
33.929129 5.113097
33.969069 5.110090
34.009009 5.107089
34.048949 5.104093
34.088889 5.101102
34.128829 5.098116
34.168769 5.095135
34.208709 5.092160
34.248649 5.089190
34.288589 5.086225
34.328529 5.083266
34.368468 5.080311
34.408408 5.077362
34.448348 5.074417
34.488288 5.071478
34.528228 5.068544
34.568168 5.065615
34.608108 5.062692
34.648048 5.059773
34.687988 5.056859
34.727928 5.053950
34.767868 5.051046
34.807808 5.048148
34.847748 5.045254
34.887688 5.042365
34.927628 5.039481
34.967568 5.036603
35.007508 5.033729
35.047447 5.030860
35.087387 5.027995
35.127327 5.025136
35.167267 5.022282
35.207207 5.019432
35.247147 5.016588
35.287087 5.013748
35.327027 5.010913
35.366967 5.008083
35.406907 5.005257
35.446847 5.002437
35.486787 4.999621
35.526727 4.996810
35.566667 4.994003
35.606607 4.991201
35.646547 4.988405
35.686486 4.985612
35.726426 4.982825
35.766366 4.980042
35.806306 4.977263
35.846246 4.974490
35.886186 4.971721
35.926126 4.968957
35.966066 4.966197
36.006006 4.963442
36.045946 4.960691
36.085886 4.957945
36.125826 4.955204
36.165766 4.952467
36.205706 4.949734
36.245646 4.947006
36.285586 4.944283
36.325526 4.941564
36.365465 4.938850
36.405405 4.936140
36.445345 4.933434
36.485285 4.930733
36.525225 4.928037
36.565165 4.925345
36.605105 4.922657
36.645045 4.919974
36.684985 4.917295
36.724925 4.914620
36.764865 4.911950
36.804805 4.909284
36.844745 4.906622
36.884685 4.903965
36.924625 4.901312
36.964565 4.898663
37.004505 4.896019
37.044444 4.893379
37.084384 4.890743
37.124324 4.888112
37.164264 4.885484
37.204204 4.882861
37.244144 4.880242
37.284084 4.877628
37.324024 4.875017
37.363964 4.872411
37.403904 4.869809
37.443844 4.867211
37.483784 4.864617
37.523724 4.862028
37.563664 4.859442
37.603604 4.856861
37.643544 4.854284
37.683483 4.851710
37.723423 4.849141
37.763363 4.846576
37.803303 4.844015
37.843243 4.841459
37.883183 4.838906
37.923123 4.836357
37.963063 4.833812
38.003003 4.831271
38.042943 4.828735
38.082883 4.826202
38.122823 4.823673
38.162763 4.821148
38.202703 4.818627
38.242643 4.816111
38.282583 4.813598
38.322523 4.811089
38.362462 4.808583
38.402402 4.806082
38.442342 4.803585
38.482282 4.801092
38.522222 4.798602
38.562162 4.796116
38.602102 4.793634
38.642042 4.791157
38.681982 4.788682
38.721922 4.786212
38.761862 4.783746
38.801802 4.781283
38.841742 4.778824
38.881682 4.776369
38.921622 4.773918
38.961562 4.771470
39.001502 4.769026
39.041441 4.766586
39.081381 4.764150
39.121321 4.761718
39.161261 4.759289
39.201201 4.756864
39.241141 4.754442
39.281081 4.752025
39.321021 4.749611
39.360961 4.747200
39.400901 4.744794
39.440841 4.742390
39.480781 4.739991
39.520721 4.737595
39.560661 4.735203
39.600601 4.732815
39.640541 4.730430
39.680480 4.728049
39.720420 4.725671
39.760360 4.723297
39.800300 4.720926
39.840240 4.718559
39.880180 4.716196
39.920120 4.713836
39.960060 4.711480
40.000000 4.709127
