i double float double_error float_error
1 0.10000000000000001 0.10000000149011612 0.00000000000000000 0.00000000149011611 
2 0.20000000000000001 0.20000000298023224 0.00000000000000000 0.00000000298023223 
3 0.30000000000000004 0.30000001192092896 0.00000000000000006 0.00000001192092897 
4 0.40000000000000002 0.40000000596046448 0.00000000000000000 0.00000000596046446 
5 0.50000000000000000 0.50000000000000000 0.00000000000000000 0.00000000000000000 
6 0.59999999999999998 0.60000002384185791 0.00000000000000000 0.00000002384185793 
7 0.69999999999999996 0.70000004768371582 0.00000000000000000 0.00000004768371586 
8 0.79999999999999993 0.80000007152557373 -0.00000000000000011 0.00000007152557369 
9 0.89999999999999991 0.90000009536743164 -0.00000000000000011 0.00000009536743162 
10 0.99999999999999989 1.00000011920928955 -0.00000000000000011 0.00000011920928955 
11 1.09999999999999987 1.10000014305114746 -0.00000000000000022 0.00000014305114737 
12 1.19999999999999996 1.20000016689300537 0.00000000000000000 0.00000016689300542 
13 1.30000000000000004 1.30000019073486328 0.00000000000000000 0.00000019073486324 
14 1.40000000000000013 1.40000021457672119 0.00000000000000022 0.00000021457672128 
15 1.50000000000000022 1.50000023841857910 0.00000000000000022 0.00000023841857910 
16 1.60000000000000031 1.60000026226043701 0.00000000000000022 0.00000026226043692 
17 1.70000000000000040 1.70000028610229492 0.00000000000000044 0.00000028610229497 
18 1.80000000000000049 1.80000030994415283 0.00000000000000044 0.00000030994415279 
19 1.90000000000000058 1.90000033378601074 0.00000000000000067 0.00000033378601083 
20 2.00000000000000044 2.00000023841857910 0.00000000000000044 0.00000023841857910 
21 2.10000000000000053 2.10000014305114746 0.00000000000000044 0.00000014305114737 
22 2.20000000000000062 2.20000004768371582 0.00000000000000044 0.00000004768371564 
23 2.30000000000000071 2.29999995231628418 0.00000000000000089 -0.00000004768371564 
24 2.40000000000000080 2.39999985694885254 0.00000000000000089 -0.00000014305114737 
25 2.50000000000000089 2.49999976158142090 0.00000000000000089 -0.00000023841857910 
26 2.60000000000000098 2.59999966621398926 0.00000000000000089 -0.00000033378601083 
27 2.70000000000000107 2.69999957084655762 0.00000000000000089 -0.00000042915344256 
28 2.80000000000000115 2.79999947547912598 0.00000000000000133 -0.00000052452087385 
29 2.90000000000000124 2.89999938011169434 0.00000000000000133 -0.00000061988830558 
30 3.00000000000000133 2.99999928474426270 0.00000000000000133 -0.00000071525573730 
31 3.10000000000000142 3.09999918937683105 0.00000000000000133 -0.00000081062316903 
32 3.20000000000000151 3.19999909400939941 0.00000000000000133 -0.00000090599060076 
33 3.30000000000000160 3.29999899864196777 0.00000000000000178 -0.00000100135803205 
34 3.40000000000000169 3.39999890327453613 0.00000000000000178 -0.00000109672546378 
35 3.50000000000000178 3.49999880790710449 0.00000000000000178 -0.00000119209289551 
36 3.60000000000000187 3.59999871253967285 0.00000000000000178 -0.00000128746032724 
37 3.70000000000000195 3.69999861717224121 0.00000000000000178 -0.00000138282775897 
38 3.80000000000000204 3.79999852180480957 0.00000000000000222 -0.00000147819519025 
39 3.90000000000000213 3.89999842643737793 0.00000000000000222 -0.00000157356262198 
40 4.00000000000000178 3.99999833106994629 0.00000000000000178 -0.00000166893005371 
41 4.10000000000000142 4.09999847412109375 0.00000000000000178 -0.00000152587890589 
42 4.20000000000000107 4.19999837875366211 0.00000000000000089 -0.00000162124633807 
43 4.30000000000000071 4.29999828338623047 0.00000000000000089 -0.00000171661376935 
44 4.40000000000000036 4.39999818801879883 0.00000000000000000 -0.00000181198120153 
45 4.50000000000000000 4.49999809265136719 0.00000000000000000 -0.00000190734863281 
46 4.59999999999999964 4.59999799728393555 0.00000000000000000 -0.00000200271606410 
47 4.69999999999999929 4.69999790191650391 -0.00000000000000089 -0.00000209808349627 
48 4.79999999999999893 4.79999780654907227 -0.00000000000000089 -0.00000219345092756 
49 4.89999999999999858 4.89999771118164062 -0.00000000000000178 -0.00000228881835973 
50 4.99999999999999822 4.99999761581420898 -0.00000000000000178 -0.00000238418579102 
51 5.09999999999999787 5.09999752044677734 -0.00000000000000178 -0.00000247955322230 
52 5.19999999999999751 5.19999742507934570 -0.00000000000000266 -0.00000257492065447 
53 5.29999999999999716 5.29999732971191406 -0.00000000000000266 -0.00000267028808576 
54 5.39999999999999680 5.39999723434448242 -0.00000000000000355 -0.00000276565551793 
55 5.49999999999999645 5.49999713897705078 -0.00000000000000355 -0.00000286102294922 
56 5.59999999999999609 5.59999704360961914 -0.00000000000000355 -0.00000295639038050 
57 5.69999999999999574 5.69999694824218750 -0.00000000000000444 -0.00000305175781268 
58 5.79999999999999538 5.79999685287475586 -0.00000000000000444 -0.00000314712524396 
59 5.89999999999999503 5.89999675750732422 -0.00000000000000533 -0.00000324249267614 
60 5.99999999999999467 5.99999666213989258 -0.00000000000000533 -0.00000333786010742 
61 6.09999999999999432 6.09999656677246094 -0.00000000000000533 -0.00000343322753871 
62 6.19999999999999396 6.19999647140502930 -0.00000000000000622 -0.00000352859497088 
63 6.29999999999999361 6.29999637603759766 -0.00000000000000622 -0.00000362396240217 
64 6.39999999999999325 6.39999628067016602 -0.00000000000000711 -0.00000371932983434 
65 6.49999999999999289 6.49999618530273438 -0.00000000000000711 -0.00000381469726562 
66 6.59999999999999254 6.59999608993530273 -0.00000000000000711 -0.00000391006469691 
67 6.69999999999999218 6.69999599456787109 -0.00000000000000799 -0.00000400543212908 
68 6.79999999999999183 6.79999589920043945 -0.00000000000000799 -0.00000410079956037 
69 6.89999999999999147 6.89999580383300781 -0.00000000000000888 -0.00000419616699254 
70 6.99999999999999112 6.99999570846557617 -0.00000000000000888 -0.00000429153442383 
71 7.09999999999999076 7.09999561309814453 -0.00000000000000888 -0.00000438690185511 
72 7.19999999999999041 7.19999551773071289 -0.00000000000000977 -0.00000448226928729 
73 7.29999999999999005 7.29999542236328125 -0.00000000000000977 -0.00000457763671857 
74 7.39999999999998970 7.39999532699584961 -0.00000000000001066 -0.00000467300415075 
75 7.49999999999998934 7.49999523162841797 -0.00000000000001066 -0.00000476837158203 
76 7.59999999999998899 7.59999513626098633 -0.00000000000001066 -0.00000486373901332 
77 7.69999999999998863 7.69999504089355469 -0.00000000000001155 -0.00000495910644549 
78 7.79999999999998828 7.79999494552612305 -0.00000000000001155 -0.00000505447387678 
79 7.89999999999998792 7.89999485015869141 -0.00000000000001243 -0.00000514984130895 
80 7.99999999999998757 7.99999475479125977 -0.00000000000001243 -0.00000524520874023 
81 8.09999999999998721 8.09999465942382812 -0.00000000000001243 -0.00000534057617152 
82 8.19999999999998685 8.19999504089355469 -0.00000000000001243 -0.00000495910644460 
83 8.29999999999998650 8.29999542236328125 -0.00000000000001421 -0.00000457763671946 
84 8.39999999999998614 8.39999580383300781 -0.00000000000001421 -0.00000419616699254 
85 8.49999999999998579 8.49999618530273438 -0.00000000000001421 -0.00000381469726562 
86 8.59999999999998543 8.59999656677246094 -0.00000000000001421 -0.00000343322753871 
87 8.69999999999998508 8.69999694824218750 -0.00000000000001421 -0.00000305175781179 
88 8.79999999999998472 8.79999732971191406 -0.00000000000001599 -0.00000267028808665 
89 8.89999999999998437 8.89999771118164062 -0.00000000000001599 -0.00000228881835973 
90 8.99999999999998401 8.99999809265136719 -0.00000000000001599 -0.00000190734863281 
91 9.09999999999998366 9.09999847412109375 -0.00000000000001599 -0.00000152587890589 
92 9.19999999999998330 9.19999885559082031 -0.00000000000001599 -0.00000114440917898 
93 9.29999999999998295 9.29999923706054688 -0.00000000000001776 -0.00000076293945384 
94 9.39999999999998259 9.39999961853027344 -0.00000000000001776 -0.00000038146972692 
95 9.49999999999998224 9.50000000000000000 -0.00000000000001776 0.00000000000000000 
96 9.59999999999998188 9.60000038146972656 -0.00000000000001776 0.00000038146972692 
97 9.69999999999998153 9.70000076293945312 -0.00000000000001776 0.00000076293945384 
98 9.79999999999998117 9.80000114440917969 -0.00000000000001954 0.00000114440917898 
99 9.89999999999998082 9.90000152587890625 -0.00000000000001954 0.00000152587890589 
100 9.99999999999998046 10.00000190734863281 -0.00000000000001954 0.00000190734863281 
101 10.09999999999998010 10.10000228881835938 -0.00000000000001954 0.00000228881835973 
