-9.424778 -0.000000
-9.405928 -0.571179
-9.387079 -0.986974
-9.368229 -1.168475
-9.349380 -1.144848
-9.330530 -1.023879
-9.311681 -0.923340
-9.292831 -0.907370
-9.273982 -0.964856
-9.255132 -1.036614
-9.236282 -1.066588
-9.217433 -1.040270
-9.198583 -0.987205
-9.179734 -0.951950
-9.160884 -0.958875
-9.142035 -0.996946
-9.123185 -1.032812
-9.104336 -1.038898
-9.085486 -1.013765
-9.066636 -0.980318
-9.047787 -0.965597
-9.028937 -0.979425
-9.010088 -1.008376
-8.991238 -1.028310
-8.972389 -1.024174
-8.953539 -1.001089
-8.934690 -0.978775
-8.915840 -0.974934
-8.896990 -0.991391
-8.878141 -1.013715
-8.859291 -1.023706
-8.840442 -1.014097
-8.821592 -0.993694
-8.802743 -0.979446
-8.783893 -0.982470
-8.765044 -0.999468
-8.746194 -1.016090
-8.727344 -1.018971
-8.708495 -1.006405
-8.689645 -0.989195
-8.670796 -0.981424
-8.651946 -0.988993
-8.633097 -1.005188
-8.614247 -1.016589
-8.595398 -1.014137
-8.576548 -1.000298
-8.557698 -0.986669
-8.538849 -0.984297
-8.519999 -0.994759
-8.501150 -1.009178
-8.482300 -1.015725
-8.463451 -1.009295
-8.444601 -0.995461
-8.425751 -0.985671
-8.406902 -0.987796
-8.388052 -0.999826
-8.369203 -1.011733
-8.350353 -1.013811
-8.331504 -1.004568
-8.312654 -0.991772
-8.293805 -0.985936
-8.274955 -0.991704
-8.256105 -1.004162
-8.237256 -1.013016
-8.218406 -1.011080
-8.199557 -1.000097
-8.180707 -0.989183
-8.161858 -0.987273
-8.143008 -0.995822
-8.124159 -1.007703
-8.105309 -1.013139
-8.086459 -1.007737
-8.067610 -0.996029
-8.048760 -0.987678
-8.029911 -0.989515
-8.011061 -0.999959
-7.992212 -1.010375
-7.973362 -1.012201
-7.954513 -1.003977
-7.935663 -0.992511
-7.916813 -0.987248
-7.897964 -0.992503
-7.879114 -1.003928
-7.860265 -1.012104
-7.841415 -1.010296
-7.822566 -0.999992
-7.803716 -0.989683
-7.784867 -0.987872
-7.766017 -0.996073
-7.747167 -1.007546
-7.728318 -1.012828
-7.709468 -1.007529
-7.690619 -0.995974
-7.671769 -0.987677
-7.652920 -0.989523
-7.634070 -1.000058
-7.615221 -1.010634
-7.596371 -1.012495
-7.577521 -1.004017
-7.558672 -0.992116
-7.539822 -0.986619
-7.520973 -0.992160
-7.502123 -1.004284
-7.483274 -1.013018
-7.464424 -1.011063
-7.445575 -0.999880
-7.426725 -0.988614
-7.407875 -0.986627
-7.389026 -0.995736
-7.370176 -1.008571
-7.351327 -1.014520
-7.332477 -1.008489
-7.313628 -0.995246
-7.294778 -0.985667
-7.275929 -0.987826
-7.257079 -1.000209
-7.238229 -1.012737
-7.219380 -1.014953
-7.200530 -1.004718
-7.181681 -0.990234
-7.162831 -0.983491
-7.143982 -0.990374
-7.125132 -1.005558
-7.106283 -1.016596
-7.087433 -1.014085
-7.068583 -0.999641
-7.049734 -0.984946
-7.030884 -0.982339
-7.012035 -0.994506
-6.993185 -1.011830
-6.974336 -1.019944
-6.955486 -1.011584
-6.936637 -0.993022
-6.917787 -0.979434
-6.898937 -0.982565
-6.880088 -1.000662
-6.861238 -1.019227
-6.842389 -1.022536
-6.823539 -1.006850
-6.804690 -0.984306
-6.785840 -0.973650
-6.766991 -0.984797
-6.748141 -1.009809
-6.729291 -1.028336
-6.710442 -1.023972
-6.691592 -0.998539
-6.672743 -0.972067
-6.653893 -0.967308
-6.635044 -0.990532
-6.616194 -1.024523
-6.597345 -1.040889
-6.578495 -1.023226
-6.559645 -0.982690
-6.540796 -0.951868
-6.521946 -0.959509
-6.503097 -1.004994
-6.484247 -1.054150
-6.465398 -1.063188
-6.446548 -1.015185
-6.427699 -0.940740
-6.408849 -0.902556
-6.389999 -0.949055
-6.371150 -1.067130
-6.352300 -1.169802
-6.333451 -1.134352
-6.314601 -0.872697
-6.295752 -0.391334
-6.276902 0.198907
-6.258053 0.733077
-6.239203 1.074257
-6.220353 1.179113
-6.201504 1.109003
-6.182654 0.983391
-6.163805 0.907699
-6.144955 0.920768
-6.126106 0.990516
-6.107256 1.053015
-6.088407 1.063333
-6.069557 1.023287
-6.050707 0.971585
-6.031858 0.949402
-6.013008 0.969544
-5.994159 1.010900
-5.975309 1.038846
-5.956460 1.033215
-5.937610 1.002048
-5.918761 0.972345
-5.899911 0.967272
-5.881061 0.988560
-5.862212 1.017125
-5.843362 1.029787
-5.824513 1.017774
-5.805663 0.992475
-5.786814 0.974953
-5.767964 0.978622
-5.749115 0.999161
-5.730265 1.019108
-5.711415 1.022551
-5.692566 1.007694
-5.673716 0.987464
-5.654867 0.978379
-5.636017 0.987160
-5.617168 1.005861
-5.598318 1.018961
-5.579469 1.016167
-5.560619 1.000435
-5.541769 0.985009
-5.522920 0.982331
-5.504070 0.994060
-5.485221 1.010162
-5.466371 1.017447
-5.447522 1.010329
-5.428672 0.995067
-5.409823 0.984303
-5.390973 0.986625
-5.372123 0.999751
-5.353274 1.012701
-5.334424 1.014957
-5.315575 1.004976
-5.296725 0.991197
-5.277876 0.984931
-5.259026 0.991099
-5.240177 1.004388
-5.221327 1.013808
-5.202477 1.011758
-5.183628 1.000145
-5.164778 0.988635
-5.145929 0.986624
-5.127079 0.995587
-5.108230 1.008014
-5.089380 1.013687
-5.070531 1.008069
-5.051681 0.995920
-5.032831 0.987275
-5.013982 0.989169
-4.995132 0.999923
-4.976283 1.010623
-4.957433 1.012497
-4.938584 1.004093
-4.919734 0.992400
-4.900885 0.987044
-4.882035 0.992375
-4.863185 1.003941
-4.844336 1.012200
-4.825486 1.010380
-4.806637 1.000024
-4.787787 0.989685
-4.768938 0.987872
-4.750088 0.996055
-4.731239 1.007478
-4.712389 1.012727
-4.693539 1.007478
-4.674690 0.996055
-4.655840 0.987872
-4.636991 0.989685
-4.618141 1.000024
-4.599292 1.010380
-4.580442 1.012200
-4.561593 1.003941
-4.542743 0.992375
-4.523893 0.987044
-4.505044 0.992400
-4.486194 1.004093
-4.467345 1.012497
-4.448495 1.010623
-4.429646 0.999923
-4.410796 0.989169
-4.391947 0.987275
-4.373097 0.995920
-4.354247 1.008069
-4.335398 1.013687
-4.316548 1.008014
-4.297699 0.995587
-4.278849 0.986624
-4.260000 0.988635
-4.241150 1.000145
-4.222301 1.011758
-4.203451 1.013808
-4.184601 1.004388
-4.165752 0.991099
-4.146902 0.984931
-4.128053 0.991197
-4.109203 1.004976
-4.090354 1.014957
-4.071504 1.012701
-4.052655 0.999751
-4.033805 0.986625
-4.014955 0.984303
-3.996106 0.995067
-3.977256 1.010329
-3.958407 1.017447
-3.939557 1.010162
-3.920708 0.994060
-3.901858 0.982331
-3.883009 0.985009
-3.864159 1.000435
-3.845309 1.016167
-3.826460 1.018961
-3.807610 1.005861
-3.788761 0.987160
-3.769911 0.978379
-3.751062 0.987464
-3.732212 1.007694
-3.713363 1.022551
-3.694513 1.019108
-3.675663 0.999161
-3.656814 0.978622
-3.637964 0.974953
-3.619115 0.992475
-3.600265 1.017774
-3.581416 1.029787
-3.562566 1.017125
-3.543717 0.988560
-3.524867 0.967272
-3.506017 0.972345
-3.487168 1.002048
-3.468318 1.033215
-3.449469 1.038846
-3.430619 1.010900
-3.411770 0.969544
-3.392920 0.949402
-3.374071 0.971585
-3.355221 1.023287
-3.336371 1.063333
-3.317522 1.053015
-3.298672 0.990516
-3.279823 0.920768
-3.260973 0.907699
-3.242124 0.983391
-3.223274 1.109003
-3.204425 1.179113
-3.185575 1.074257
-3.166725 0.733077
-3.147876 0.198907
-3.129026 -0.391334
-3.110177 -0.872697
-3.091327 -1.134352
-3.072478 -1.169802
-3.053628 -1.067130
-3.034779 -0.949055
-3.015929 -0.902556
-2.997079 -0.940740
-2.978230 -1.015185
-2.959380 -1.063188
-2.940531 -1.054150
-2.921681 -1.004994
-2.902832 -0.959509
-2.883982 -0.951868
-2.865133 -0.982690
-2.846283 -1.023226
-2.827433 -1.040889
-2.808584 -1.024523
-2.789734 -0.990532
-2.770885 -0.967308
-2.752035 -0.972067
-2.733186 -0.998539
-2.714336 -1.023972
-2.695486 -1.028336
-2.676637 -1.009809
-2.657787 -0.984797
-2.638938 -0.973650
-2.620088 -0.984306
-2.601239 -1.006850
-2.582389 -1.022536
-2.563540 -1.019227
-2.544690 -1.000662
-2.525840 -0.982565
-2.506991 -0.979434
-2.488141 -0.993022
-2.469292 -1.011584
-2.450442 -1.019944
-2.431593 -1.011830
-2.412743 -0.994506
-2.393894 -0.982339
-2.375044 -0.984946
-2.356194 -0.999641
-2.337345 -1.014085
-2.318495 -1.016596
-2.299646 -1.005558
-2.280796 -0.990374
-2.261947 -0.983491
-2.243097 -0.990234
-2.224248 -1.004718
-2.205398 -1.014953
-2.186548 -1.012737
-2.167699 -1.000209
-2.148849 -0.987826
-2.130000 -0.985667
-2.111150 -0.995246
-2.092301 -1.008489
-2.073451 -1.014520
-2.054602 -1.008571
-2.035752 -0.995736
-2.016902 -0.986627
-1.998053 -0.988614
-1.979203 -0.999880
-1.960354 -1.011063
-1.941504 -1.013018
-1.922655 -1.004284
-1.903805 -0.992160
-1.884956 -0.986619
-1.866106 -0.992116
-1.847256 -1.004017
-1.828407 -1.012495
-1.809557 -1.010634
-1.790708 -1.000058
-1.771858 -0.989523
-1.753009 -0.987677
-1.734159 -0.995974
-1.715310 -1.007529
-1.696460 -1.012828
-1.677610 -1.007546
-1.658761 -0.996073
-1.639911 -0.987872
-1.621062 -0.989683
-1.602212 -0.999992
-1.583363 -1.010296
-1.564513 -1.012104
-1.545664 -1.003928
-1.526814 -0.992503
-1.507964 -0.987248
-1.489115 -0.992511
-1.470265 -1.003977
-1.451416 -1.012201
-1.432566 -1.010375
-1.413717 -0.999959
-1.394867 -0.989515
-1.376018 -0.987678
-1.357168 -0.996029
-1.338318 -1.007737
-1.319469 -1.013139
-1.300619 -1.007703
-1.281770 -0.995822
-1.262920 -0.987273
-1.244071 -0.989183
-1.225221 -1.000097
-1.206372 -1.011080
-1.187522 -1.013016
-1.168672 -1.004162
-1.149823 -0.991704
-1.130973 -0.985936
-1.112124 -0.991772
-1.093274 -1.004568
-1.074425 -1.013811
-1.055575 -1.011733
-1.036726 -0.999826
-1.017876 -0.987796
-0.999026 -0.985671
-0.980177 -0.995461
-0.961327 -1.009295
-0.942478 -1.015725
-0.923628 -1.009178
-0.904779 -0.994759
-0.885929 -0.984297
-0.867080 -0.986669
-0.848230 -1.000298
-0.829380 -1.014137
-0.810531 -1.016589
-0.791681 -1.005188
-0.772832 -0.988993
-0.753982 -0.981424
-0.735133 -0.989195
-0.716283 -1.006405
-0.697434 -1.018971
-0.678584 -1.016090
-0.659734 -0.999468
-0.640885 -0.982470
-0.622035 -0.979446
-0.603186 -0.993694
-0.584336 -1.014097
-0.565487 -1.023706
-0.546637 -1.013715
-0.527788 -0.991391
-0.508938 -0.974934
-0.490088 -0.978775
-0.471239 -1.001089
-0.452389 -1.024174
-0.433540 -1.028310
-0.414690 -1.008376
-0.395841 -0.979425
-0.376991 -0.965597
-0.358142 -0.980318
-0.339292 -1.013765
-0.320442 -1.038898
-0.301593 -1.032812
-0.282743 -0.996946
-0.263894 -0.958875
-0.245044 -0.951950
-0.226195 -0.987205
-0.207345 -1.040270
-0.188496 -1.066588
-0.169646 -1.036614
-0.150796 -0.964856
-0.131947 -0.907370
-0.113097 -0.923340
-0.094248 -1.023879
-0.075398 -1.144848
-0.056549 -1.168475
-0.037699 -0.986974
-0.018850 -0.571179
0.000000 0.000000
0.018850 0.571179
0.037699 0.986974
0.056549 1.168475
0.075398 1.144848
0.094248 1.023879
0.113097 0.923340
0.131947 0.907370
0.150796 0.964856
0.169646 1.036614
0.188496 1.066588
0.207345 1.040270
0.226195 0.987205
0.245044 0.951950
0.263894 0.958875
0.282743 0.996946
0.301593 1.032812
0.320442 1.038898
0.339292 1.013765
0.358142 0.980318
0.376991 0.965597
0.395841 0.979425
0.414690 1.008376
0.433540 1.028310
0.452389 1.024174
0.471239 1.001089
0.490088 0.978775
0.508938 0.974934
0.527788 0.991391
0.546637 1.013715
0.565487 1.023706
0.584336 1.014097
0.603186 0.993694
0.622035 0.979446
0.640885 0.982470
0.659734 0.999468
0.678584 1.016090
0.697434 1.018971
0.716283 1.006405
0.735133 0.989195
0.753982 0.981424
0.772832 0.988993
0.791681 1.005188
0.810531 1.016589
0.829380 1.014137
0.848230 1.000298
0.867080 0.986669
0.885929 0.984297
0.904779 0.994759
0.923628 1.009178
0.942478 1.015725
0.961327 1.009295
0.980177 0.995461
0.999026 0.985671
1.017876 0.987796
1.036726 0.999826
1.055575 1.011733
1.074425 1.013811
1.093274 1.004568
1.112124 0.991772
1.130973 0.985936
1.149823 0.991704
1.168672 1.004162
1.187522 1.013016
1.206372 1.011080
1.225221 1.000097
1.244071 0.989183
1.262920 0.987273
1.281770 0.995822
1.300619 1.007703
1.319469 1.013139
1.338318 1.007737
1.357168 0.996029
1.376018 0.987678
1.394867 0.989515
1.413717 0.999959
1.432566 1.010375
1.451416 1.012201
1.470265 1.003977
1.489115 0.992511
1.507964 0.987248
1.526814 0.992503
1.545664 1.003928
1.564513 1.012104
1.583363 1.010296
1.602212 0.999992
1.621062 0.989683
1.639911 0.987872
1.658761 0.996073
1.677610 1.007546
1.696460 1.012828
1.715310 1.007529
1.734159 0.995974
1.753009 0.987677
1.771858 0.989523
1.790708 1.000058
1.809557 1.010634
1.828407 1.012495
1.847256 1.004017
1.866106 0.992116
1.884956 0.986619
1.903805 0.992160
1.922655 1.004284
1.941504 1.013018
1.960354 1.011063
1.979203 0.999880
1.998053 0.988614
2.016902 0.986627
2.035752 0.995736
2.054602 1.008571
2.073451 1.014520
2.092301 1.008489
2.111150 0.995246
2.130000 0.985667
2.148849 0.987826
2.167699 1.000209
2.186548 1.012737
2.205398 1.014953
2.224248 1.004718
2.243097 0.990234
2.261947 0.983491
2.280796 0.990374
2.299646 1.005558
2.318495 1.016596
2.337345 1.014085
2.356194 0.999641
2.375044 0.984946
2.393894 0.982339
2.412743 0.994506
2.431593 1.011830
2.450442 1.019944
2.469292 1.011584
2.488141 0.993022
2.506991 0.979434
2.525840 0.982565
2.544690 1.000662
2.563540 1.019227
2.582389 1.022536
2.601239 1.006850
2.620088 0.984306
2.638938 0.973650
2.657787 0.984797
2.676637 1.009809
2.695486 1.028336
2.714336 1.023972
2.733186 0.998539
2.752035 0.972067
2.770885 0.967308
2.789734 0.990532
2.808584 1.024523
2.827433 1.040889
2.846283 1.023226
2.865133 0.982690
2.883982 0.951868
2.902832 0.959509
2.921681 1.004994
2.940531 1.054150
2.959380 1.063188
2.978230 1.015185
2.997079 0.940740
3.015929 0.902556
3.034779 0.949055
3.053628 1.067130
3.072478 1.169802
3.091327 1.134352
3.110177 0.872697
3.129026 0.391334
3.147876 -0.198907
3.166725 -0.733077
3.185575 -1.074257
3.204425 -1.179113
3.223274 -1.109003
3.242124 -0.983391
3.260973 -0.907699
3.279823 -0.920768
3.298672 -0.990516
3.317522 -1.053015
3.336371 -1.063333
3.355221 -1.023287
3.374071 -0.971585
3.392920 -0.949402
3.411770 -0.969544
3.430619 -1.010900
3.449469 -1.038846
3.468318 -1.033215
3.487168 -1.002048
3.506017 -0.972345
3.524867 -0.967272
3.543717 -0.988560
3.562566 -1.017125
3.581416 -1.029787
3.600265 -1.017774
3.619115 -0.992475
3.637964 -0.974953
3.656814 -0.978622
3.675663 -0.999161
3.694513 -1.019108
3.713363 -1.022551
3.732212 -1.007694
3.751062 -0.987464
3.769911 -0.978379
3.788761 -0.987160
3.807610 -1.005861
3.826460 -1.018961
3.845309 -1.016167
3.864159 -1.000435
3.883009 -0.985009
3.901858 -0.982331
3.920708 -0.994060
3.939557 -1.010162
3.958407 -1.017447
3.977256 -1.010329
3.996106 -0.995067
4.014955 -0.984303
4.033805 -0.986625
4.052655 -0.999751
4.071504 -1.012701
4.090354 -1.014957
4.109203 -1.004976
4.128053 -0.991197
4.146902 -0.984931
4.165752 -0.991099
4.184601 -1.004388
4.203451 -1.013808
4.222301 -1.011758
4.241150 -1.000145
4.260000 -0.988635
4.278849 -0.986624
4.297699 -0.995587
4.316548 -1.008014
4.335398 -1.013687
4.354247 -1.008069
4.373097 -0.995920
4.391947 -0.987275
4.410796 -0.989169
4.429646 -0.999923
4.448495 -1.010623
4.467345 -1.012497
4.486194 -1.004093
4.505044 -0.992400
4.523893 -0.987044
4.542743 -0.992375
4.561593 -1.003941
4.580442 -1.012200
4.599292 -1.010380
4.618141 -1.000024
4.636991 -0.989685
4.655840 -0.987872
4.674690 -0.996055
4.693539 -1.007478
4.712389 -1.012727
4.731239 -1.007478
4.750088 -0.996055
4.768938 -0.987872
4.787787 -0.989685
4.806637 -1.000024
4.825486 -1.010380
4.844336 -1.012200
4.863185 -1.003941
4.882035 -0.992375
4.900885 -0.987044
4.919734 -0.992400
4.938584 -1.004093
4.957433 -1.012497
4.976283 -1.010623
4.995132 -0.999923
5.013982 -0.989169
5.032831 -0.987275
5.051681 -0.995920
5.070531 -1.008069
5.089380 -1.013687
5.108230 -1.008014
5.127079 -0.995587
5.145929 -0.986624
5.164778 -0.988635
5.183628 -1.000145
5.202477 -1.011758
5.221327 -1.013808
5.240177 -1.004388
5.259026 -0.991099
5.277876 -0.984931
5.296725 -0.991197
5.315575 -1.004976
5.334424 -1.014957
5.353274 -1.012701
5.372123 -0.999751
5.390973 -0.986625
5.409823 -0.984303
5.428672 -0.995067
5.447522 -1.010329
5.466371 -1.017447
5.485221 -1.010162
5.504070 -0.994060
5.522920 -0.982331
5.541769 -0.985009
5.560619 -1.000435
5.579469 -1.016167
5.598318 -1.018961
5.617168 -1.005861
5.636017 -0.987160
5.654867 -0.978379
5.673716 -0.987464
5.692566 -1.007694
5.711415 -1.022551
5.730265 -1.019108
5.749115 -0.999161
5.767964 -0.978622
5.786814 -0.974953
5.805663 -0.992475
5.824513 -1.017774
5.843362 -1.029787
5.862212 -1.017125
5.881061 -0.988560
5.899911 -0.967272
5.918761 -0.972345
5.937610 -1.002048
5.956460 -1.033215
5.975309 -1.038846
5.994159 -1.010900
6.013008 -0.969544
6.031858 -0.949402
6.050707 -0.971585
6.069557 -1.023287
6.088407 -1.063333
6.107256 -1.053015
6.126106 -0.990516
6.144955 -0.920768
6.163805 -0.907699
6.182654 -0.983391
6.201504 -1.109003
6.220353 -1.179113
6.239203 -1.074257
6.258053 -0.733077
6.276902 -0.198907
6.295752 0.391334
6.314601 0.872697
6.333451 1.134352
6.352300 1.169802
6.371150 1.067130
6.389999 0.949055
6.408849 0.902556
6.427699 0.940740
6.446548 1.015185
6.465398 1.063188
6.484247 1.054150
6.503097 1.004994
6.521946 0.959509
6.540796 0.951868
6.559645 0.982690
6.578495 1.023226
6.597345 1.040889
6.616194 1.024523
6.635044 0.990532
6.653893 0.967308
6.672743 0.972067
6.691592 0.998539
6.710442 1.023972
6.729291 1.028336
6.748141 1.009809
6.766991 0.984797
6.785840 0.973650
6.804690 0.984306
6.823539 1.006850
6.842389 1.022536
6.861238 1.019227
6.880088 1.000662
6.898937 0.982565
6.917787 0.979434
6.936637 0.993022
6.955486 1.011584
6.974336 1.019944
6.993185 1.011830
7.012035 0.994506
7.030884 0.982339
7.049734 0.984946
7.068583 0.999641
7.087433 1.014085
7.106283 1.016596
7.125132 1.005558
7.143982 0.990374
7.162831 0.983491
7.181681 0.990234
7.200530 1.004718
7.219380 1.014953
7.238229 1.012737
7.257079 1.000209
7.275929 0.987826
7.294778 0.985667
7.313628 0.995246
7.332477 1.008489
7.351327 1.014520
7.370176 1.008571
7.389026 0.995736
7.407875 0.986627
7.426725 0.988614
7.445575 0.999880
7.464424 1.011063
7.483274 1.013018
7.502123 1.004284
7.520973 0.992160
7.539822 0.986619
7.558672 0.992116
7.577521 1.004017
7.596371 1.012495
7.615221 1.010634
7.634070 1.000058
7.652920 0.989523
7.671769 0.987677
7.690619 0.995974
7.709468 1.007529
7.728318 1.012828
7.747167 1.007546
7.766017 0.996073
7.784867 0.987872
7.803716 0.989683
7.822566 0.999992
7.841415 1.010296
7.860265 1.012104
7.879114 1.003928
7.897964 0.992503
7.916813 0.987248
7.935663 0.992511
7.954513 1.003977
7.973362 1.012201
7.992212 1.010375
8.011061 0.999959
8.029911 0.989515
8.048760 0.987678
8.067610 0.996029
8.086459 1.007737
8.105309 1.013139
8.124159 1.007703
8.143008 0.995822
8.161858 0.987273
8.180707 0.989183
8.199557 1.000097
8.218406 1.011080
8.237256 1.013016
8.256105 1.004162
8.274955 0.991704
8.293805 0.985936
8.312654 0.991772
8.331504 1.004568
8.350353 1.013811
8.369203 1.011733
8.388052 0.999826
8.406902 0.987796
8.425751 0.985671
8.444601 0.995461
8.463451 1.009295
8.482300 1.015725
8.501150 1.009178
8.519999 0.994759
8.538849 0.984297
8.557698 0.986669
8.576548 1.000298
8.595398 1.014137
8.614247 1.016589
8.633097 1.005188
8.651946 0.988993
8.670796 0.981424
8.689645 0.989195
8.708495 1.006405
8.727344 1.018971
8.746194 1.016090
8.765044 0.999468
8.783893 0.982470
8.802743 0.979446
8.821592 0.993694
8.840442 1.014097
8.859291 1.023706
8.878141 1.013715
8.896990 0.991391
8.915840 0.974934
8.934690 0.978775
8.953539 1.001089
8.972389 1.024174
8.991238 1.028310
9.010088 1.008376
9.028937 0.979425
9.047787 0.965597
9.066636 0.980318
9.085486 1.013765
9.104336 1.038898
9.123185 1.032812
9.142035 0.996946
9.160884 0.958875
9.179734 0.951950
9.198583 0.987205
9.217433 1.040270
9.236282 1.066588
9.255132 1.036614
9.273982 0.964856
9.292831 0.907370
9.311681 0.923340
9.330530 1.023879
9.349380 1.144848
9.368229 1.168475
9.387079 0.986974
9.405928 0.571179
