-7.85398163397448279 -3266247870639074.00000000000000000 
-7.83827367070653391 -63.65674116287070206 
-7.82256570743858504 -31.82051595377382824 
-7.80685774417063616 -21.20494878968873564 
-7.79114978090268728 -15.89454484386531696 
-7.77544181763473752 -12.70620473617458401 
-7.75973385436678864 -10.57889499340556050 
-7.74402589109883976 -9.05788668623888071 
-7.72831792783089089 -7.91581508830579672 
-7.71260996456294201 -7.02636622904136043 
-7.69690200129499313 -6.31375151467503049 
-7.68119403802704426 -5.72974164672430764 
-7.66548607475909538 -5.24218358111317340 
-7.64977811149114650 -4.82881735219275932 
-7.63407014822319763 -4.47374282921155597 
-7.61836218495524786 -4.16529977009040397 
-7.60265422168729899 -3.89474285492984862 
-7.58694625841935011 -3.65538435465225175 
-7.57123829515140123 -3.44202257666921252 
-7.55553033188345236 -3.25055080129983187 
-7.53982236861550348 -3.07768353717525045 
-7.52411440534755460 -2.92076098929881445 
-7.50840644207960572 -2.77760685391497386 
-7.49269847881165685 -2.64642321028663163 
-7.47699051554370797 -2.52571168944730529 
-7.46128255227575821 -2.41421356237309004 
-7.44557458900780933 -2.31086365388240633 
-7.42986662573986045 -2.21475449781335820 
-7.41415866247191158 -2.12510817315720013 
-7.39845069920396270 -2.04125396712170115 
-7.38274273593601382 -1.96261050550514926 
-7.36703477266806495 -1.88867134163106676 
-7.35132680940011607 -1.81899324728106571 
-7.33561884613216719 -1.75318663247223694 
-7.31991088286421743 -1.69090765578500801 
-7.30420291959626944 -1.63185168712879025 
-7.28849495632831967 -1.57574785996864897 
-7.27278699306037080 -1.52235450689612950 
-7.25707902979242192 -1.47145531581996769 
-7.24137106652447304 -1.42285607743186948 
-7.22566310325652417 -1.37638192047117269 
-7.20995513998857529 -1.33187495150259716 
-7.19424717672062641 -1.28919223178506637 
-7.17853921345267754 -1.24820403635304933 
-7.16283125018472866 -1.20879235040960942 
-7.14712328691677889 -1.17084956611253754 
-7.13141532364883002 -1.13427734925540391 
-7.11570736038088114 -1.09898565053630026 
-7.09999939711293226 -1.06489184032479089 
-7.08429143384498339 -1.03191994928049491 
-7.06858347057703451 -0.99999999999999944 
-7.05287550730908563 -0.96906741719379297 
-7.03716754404113676 -0.93906250581749218 
-7.02145958077318788 -0.90992998817773740 
-7.00575161750523812 -0.88161859236318774 
-6.99004365423728924 -0.85408068546346538 
-6.97433569096934036 -0.82727194597247455 
-6.95862772770139149 -0.80115107055875034 
-6.94291976443344261 -0.77567951104961241 
-6.92721180116549373 -0.75082123803876410 
-6.91150383789754486 -0.72654252800536046 
-6.89579587462959598 -0.70281177124035710 
-6.88008791136164710 -0.67959929822452636 
-6.86437994809369822 -0.65687722240127933 
-6.84867198482574935 -0.63461929754414825 
-6.83296402155779958 -0.61280078813993100 
-6.81725605828985071 -0.59139835139947028 
-6.80154809502190183 -0.57038992967329416 
-6.78584013175395295 -0.54975465219276953 
-6.77013216848600408 -0.52947274518201415 
-6.75442420521805520 -0.50952544949442846 
-6.73871624195010632 -0.48989494502247682 
-6.72300827868215745 -0.47056428121225141 
-6.70730031541420857 -0.45151731308698329 
-6.69159235214625880 -0.43273864224742498 
-6.67588438887831082 -0.41421356237309526 
-6.66017642561036105 -0.39592800879772055 
-6.64446846234241217 -0.37786851177582031 
-6.62876049907446330 -0.36002215309575614 
-6.61305253580651442 -0.34237652572868266 
-6.59734457253856554 -0.32491969623290606 
-6.58163660927061667 -0.30764016965989810 
-6.56592864600266779 -0.29052685673191636 
-6.55022068273471803 -0.27356904308223629 
-6.53451271946677004 -0.25675636036772687 
-6.51880475619882027 -0.24007875908011531 
-6.50309679293087139 -0.22352648289714847 
-6.48738882966292252 -0.20709004442793816 
-6.47168086639497364 -0.19076020221856629 
-6.45597290312702476 -0.17452793889436474 
-6.44026493985907589 -0.15838444032453602 
-6.42455697659112701 -0.14232107570294278 
-6.40884901332317813 -0.12632937844610811 
-6.39314105005522926 -0.11040102781581897 
-6.37743308678727949 -0.09452783117928126 
-6.36172512351933062 -0.07870170682461775 
-6.34601716025138174 -0.06291466725364915 
-6.33030919698343286 -0.04715880287747996 
-6.31460123371548399 -0.03142626604335072 
-6.29889327044753511 -0.01570925532366458 
-6.28318530717958623 0.00000000000000024 
-6.26747734391163736 0.01570925532366507 
-6.25176938064368848 0.03142626604335121 
-6.23606141737573871 0.04715880287748134 
-6.22035345410779072 0.06291466725364965 
-6.20464549083984096 0.07870170682461913 
-6.18893752757189208 0.09452783117928265 
-6.17322956430394321 0.11040102781581945 
-6.15752160103599433 0.12632937844610859 
-6.14181363776804545 0.14232107570294328 
-6.12610567450009658 0.15838444032453655 
-6.11039771123214770 0.17452793889436524 
-6.09468974796419793 0.19076020221856774 
-6.07898178469624995 0.20709004442793869 
-6.06327382142830018 0.22352648289714991 
-6.04756585816035130 0.24007875908011675 
-6.03185789489240243 0.25675636036772742 
-6.01614993162445355 0.27356904308223778 
-6.00044196835650467 0.29052685673191692 
-5.98473400508855580 0.30764016965989865 
-5.96902604182060692 0.32491969623290656 
-5.95331807855265804 0.34237652572868321 
-5.93761011528470917 0.36002215309575669 
-5.92190215201675940 0.37786851177582192 
-5.90619418874881141 0.39592800879772111 
-5.89048622548086165 0.41421356237309581 
-5.87477826221291277 0.43273864224742664 
-5.85907029894496389 0.45151731308698390 
-5.84336233567701502 0.47056428121225197 
-5.82765437240906614 0.48989494502247743 
-5.81194640914111726 0.50952544949442913 
-5.79623844587316839 0.52947274518201481 
-5.78053048260521862 0.54975465219277131 
-5.76482251933727063 0.57038992967329483 
-5.74911455606932087 0.59139835139947217 
-5.73340659280137288 0.61280078813993166 
-5.71769862953342312 0.63461929754414892 
-5.70199066626547424 0.65687722240128010 
-5.68628270299752536 0.67959929822452714 
-5.67057473972957649 0.70281177124035776 
-5.65486677646162761 0.72654252800536123 
-5.63915881319367784 0.75082123803876633 
-5.62345084992572986 0.77567951104961319 
-5.60774288665778009 0.80115107055875256 
-5.59203492338983210 0.82727194597247544 
-5.57632696012188234 0.85408068546346783 
-5.56061899685393346 0.88161859236319018 
-5.54491103358598458 0.90992998817773840 
-5.52920307031803571 0.93906250581749307 
-5.51349510705008683 0.96906741719379386 
-5.49778714378213795 1.00000000000000044 
-5.48207918051418908 1.03191994928049580 
-5.46637121724623931 1.06489184032479378 
-5.45066325397829132 1.09898565053630137 
-5.43495529071034156 1.13427734925540724 
-5.41924732744239357 1.17084956611253865 
-5.40353936417444380 1.20879235040961053 
-5.38783140090649493 1.24820403635305066 
-5.37212343763854605 1.28919223178506770 
-5.35641547437059717 1.33187495150259849 
-5.34070751110264830 1.37638192047117425 
-5.32499954783469853 1.42285607743187370 
-5.30929158456675054 1.47145531581996925 
-5.29358362129880078 1.52235450689613394 
-5.27787565803085279 1.57574785996865052 
-5.26216769476290303 1.63185168712879203 
-5.24645973149495415 1.69090765578501334 
-5.23075176822700527 1.75318663247223894 
-5.21504380495905639 1.81899324728106793 
-5.19933584169110752 1.88867134163106898 
-5.18362787842315775 1.96261050550515592 
-5.16791991515520976 2.04125396712170382 
-5.15221195188726000 2.12510817315720768 
-5.13650398861931201 2.21475449781336131 
-5.12079602535136225 2.31086365388241521 
-5.10508806208341337 2.41421356237309936 
-5.08938009881546449 2.52571168944730928 
-5.07367213554751562 2.64642321028663563 
-5.05796417227956674 2.77760685391497830 
-5.04225620901161786 2.92076098929881933 
-5.02654824574366899 3.07768353717525533 
-5.01084028247571922 3.25055080129984786 
-4.99513231920777123 3.44202257666921874 
-4.97942435593982147 3.65538435465227129 
-4.96371639267187348 3.89474285492985661 
-4.94800842940392371 4.16529977009042884 
-4.93230046613597484 4.47374282921156574 
-4.91659250286802596 4.82881735219277086 
-4.90088453960007708 5.24218358111318761 
-4.88517657633212821 5.72974164672432451 
-4.86946861306417844 6.31375151467508733 
-4.85376064979623045 7.02636622904138530 
-4.83805268652828069 7.91581508830588376 
-4.82234472326033270 9.05788668623892157 
-4.80663675999238293 10.57889499340571682 
-4.79092879672443406 12.70620473617480783 
-4.77522083345648518 15.89454484386544131 
-4.75951287018853630 21.20494878968895591 
-4.74380490692058743 31.82051595377432562 
-4.72809694365263855 63.65674116287269158 
-4.71238898038468967 -5443746451065123.00000000000000000 
-4.69668101711673991 -63.65674116286759698 
-4.68097305384879192 -31.82051595377395259 
-4.66526509058084216 -21.20494878968839103 
-4.64955712731289417 -15.89454484386534716 
-4.63384916404494440 -12.70620473617460355 
-4.61814120077699553 -10.57889499340557471 
-4.60243323750904665 -9.05788668623889137 
-4.58672527424109777 -7.91581508830580383 
-4.57101731097314889 -7.02636622904136665 
-4.55530934770519913 -6.31375151467499940 
-4.53960138443725114 -5.72974164672431208 
-4.52389342116930138 -5.24218358111315119 
-4.50818545790135339 -4.82881735219276198 
-4.49247749463340362 -4.47374282921153998 
-4.47676953136545475 -4.16529977009040575 
-4.46106156809750587 -3.89474285492985084 
-4.44535360482955699 -3.65538435465225353 
-4.42964564156160812 -3.44202257666921430 
-4.41393767829365924 -3.25055080129983320 
-4.39822971502571036 -3.07768353717525178 
-4.38252175175776060 -2.92076098929880734 
-4.36681378848981261 -2.77760685391497475 
-4.35110582522186284 -2.64642321028662542 
-4.33539786195391397 -2.52571168944729996 
-4.31968989868596509 -2.41421356237309093 
-4.30398193541801621 -2.31086365388240722 
-4.28827397215006734 -2.21475449781335909 
-4.27256600888211846 -2.12510817315720102 
-4.25685804561416958 -2.04125396712170204 
-4.24115008234621982 -1.96261050550514549 
-4.22544211907827183 -1.88867134163106742 
-4.20973415581032206 -1.81899324728106260 
-4.19402619254237408 -1.75318663247223760 
-4.17831822927442431 -1.69090765578500846 
-4.16261026600647543 -1.63185168712878736 
-4.14690230273852656 -1.57574785996864919 
-4.13119433947057768 -1.52235450689612972 
-4.11548637620262880 -1.47145531581996791 
-4.09977841293467904 -1.42285607743186726 
-4.08407044966673105 -1.37638192047117314 
-4.06836248639878129 -1.33187495150259494 
-4.05265452313083330 -1.28919223178506681 
-4.03694655986288353 -1.24820403635304755 
-4.02123859659493466 -1.20879235040960742 
-4.00553063332698578 -1.17084956611253777 
-3.98982267005903690 -1.13427734925540435 
-3.97411470679108803 -1.09898565053630071 
-3.95840674352313915 -1.06489184032479112 
-3.94269878025518983 -1.03191994928049424 
-3.92699081698724095 -0.99999999999999878 
-3.91128285371929207 -0.96906741719379230 
-3.89557489045134320 -0.93906250581749151 
-3.87986692718339432 -0.90992998817773685 
-3.86415896391544500 -0.88161859236318785 
-3.84845100064749612 -0.85408068546346561 
-3.83274303737954725 -0.82727194597247478 
-3.81703507411159837 -0.80115107055875057 
-3.80132711084364949 -0.77567951104961264 
-3.78561914757570062 -0.75082123803876433 
-3.76991118430775174 -0.72654252800536068 
-3.75420322103980197 -0.70281177124035588 
-3.73849525777185310 -0.67959929822452525 
-3.72278729450390422 -0.65687722240127833 
-3.70707933123595534 -0.63461929754414714 
-3.69137136796800647 -0.61280078813993122 
-3.67566340470005759 -0.59139835139947039 
-3.65995544143210871 -0.57038992967329438 
-3.64424747816415984 -0.54975465219276964 
-3.62853951489621096 -0.52947274518201437 
-3.61283155162826208 -0.50952544949442868 
-3.59712358836031232 -0.48989494502247588 
-3.58141562509236344 -0.47056428121225047 
-3.56570766182441456 -0.45151731308698240 
-3.54999969855646569 -0.43273864224742514 
-3.53429173528851681 -0.41421356237309437 
-3.51858377202056793 -0.39592800879772067 
-3.50287580875261906 -0.37786851177582048 
-3.48716784548467018 -0.36002215309575625 
-3.47145988221672130 -0.34237652572868282 
-3.45575191894877243 -0.32491969623290617 
-3.44004395568082266 -0.30764016965989727 
-3.42433599241287379 -0.29052685673191553 
-3.40862802914492491 -0.27356904308223645 
-3.39292006587697603 -0.25675636036772609 
-3.37721210260902716 -0.24007875908011542 
-3.36150413934107828 -0.22352648289714860 
-3.34579617607312940 -0.20709004442793830 
-3.33008821280518053 -0.19076020221856643 
-3.31438024953723165 -0.17452793889436485 
-3.29867228626928277 -0.15838444032453616 
-3.28296432300133301 -0.14232107570294200 
-3.26725635973338413 -0.12632937844610731 
-3.25154839646543525 -0.11040102781581819 
-3.23584043319748638 -0.09452783117928139 
-3.22013246992953750 -0.07870170682461787 
-3.20442450666158862 -0.06291466725364928 
-3.18871654339363975 -0.04715880287748008 
-3.17300858012569087 -0.03142626604335085 
-3.15730061685774199 -0.01570925532366470 
-3.14159265358979312 0.00000000000000012 
-3.12588469032184335 0.01570925532366584 
-3.11017672705389447 0.03142626604335198 
-3.09446876378594560 0.04715880287748122 
-3.07876080051799672 0.06291466725365041 
-3.06305283725004784 0.07870170682461901 
-3.04734487398209897 0.09452783117928253 
-3.03163691071415009 0.11040102781581933 
-3.01592894744620121 0.12632937844610848 
-3.00022098417825234 0.14232107570294314 
-2.98451302091030346 0.15838444032453641 
-2.96880505764235370 0.17452793889436602 
-2.95309709437440482 0.19076020221856760 
-2.93738913110645594 0.20709004442793946 
-2.92168116783850706 0.22352648289714977 
-2.90597320457055819 0.24007875908011664 
-2.89026524130260931 0.25675636036772731 
-2.87455727803466043 0.27356904308223762 
-2.85884931476671156 0.29052685673191675 
-2.84314135149876268 0.30764016965989849 
-2.82743338823081380 0.32491969623290645 
-2.81172542496286404 0.34237652572868410 
-2.79601746169491516 0.36002215309575758 
-2.78030949842696629 0.37786851177582176 
-2.76460153515901741 0.39592800879772200 
-2.74889357189106853 0.41421356237309570 
-2.73318560862311966 0.43273864224742647 
-2.71747764535517078 0.45151731308698373 
-2.70176968208722190 0.47056428121225186 
-2.68606171881927303 0.48989494502247727 
-2.67035375555132326 0.50952544949443002 
-2.65464579228337438 0.52947274518201581 
-2.63893782901542551 0.54975465219277109 
-2.62322986574747663 0.57038992967329583 
-2.60752190247952775 0.59139835139947194 
-2.59181393921157888 0.61280078813993277 
-2.57610597594363000 0.63461929754414870 
-2.56039801267568112 0.65687722240127988 
-2.54469004940773225 0.67959929822452692 
-2.52898208613978337 0.70281177124035765 
-2.51327412287183360 0.72654252800536234 
-2.49756615960388473 0.75082123803876610 
-2.48185819633593585 0.77567951104961441 
-2.46615023306798697 0.80115107055875245 
-2.45044226980003810 0.82727194597247666 
-2.43473430653208922 0.85408068546346760 
-2.41902634326414034 0.88161859236318996 
-2.40331837999619147 0.90992998817773807 
-2.38761041672824259 0.93906250581749284 
-2.37190245346029371 0.96906741719379363 
-2.35619449019234395 1.00000000000000200 
-2.34048652692439507 1.03191994928049735 
-2.32477856365644620 1.06489184032479356 
-2.30907060038849732 1.09898565053630315 
-2.29336263712054844 1.13427734925540680 
-2.27765467385259957 1.17084956611254043 
-2.26194671058465069 1.20879235040961031 
-2.24623874731670181 1.24820403635305044 
-2.23053078404875293 1.28919223178506748 
-2.21482282078080406 1.33187495150259805 
-2.19911485751285429 1.37638192047117647 
-2.18340689424490542 1.42285607743187326 
-2.16769893097695654 1.47145531581997147 
-2.15199096770900766 1.52235450689613350 
-2.13628300444105879 1.57574785996865319 
-2.12057504117310991 1.63185168712879158 
-2.10486707790516103 1.69090765578501290 
-2.08915911463721216 1.75318663247223849 
-2.07345115136926328 1.81899324728106748 
-2.05774318810131440 1.88867134163106853 
-2.04203522483336464 1.96261050550515526 
-2.02632726156541576 2.04125396712170781 
-2.01061929829746688 2.12510817315720724 
-1.99491133502951801 2.21475449781336575 
-1.97920337176156913 2.31086365388241433 
-1.96349540849362025 2.41421356237309848 
-1.94778744522567138 2.52571168944730839 
-1.93207948195772250 2.64642321028663474 
-1.91637151868977362 2.77760685391497697 
-1.90066355542182475 2.92076098929881800 
-1.88495559215387498 3.07768353717526333 
-1.86924762888592610 3.25055080129984653 
-1.85353966561797723 3.44202257666922851 
-1.83783170235002835 3.65538435465226952 
-1.82212373908207947 3.89474285492986905 
-1.80641577581413060 4.16529977009042707 
-1.79070781254618172 4.47374282921156396 
-1.77499984927823284 4.82881735219276820 
-1.75929188601028397 5.24218358111318405 
-1.74358392274233420 5.72974164672435027 
-1.72787595947438533 6.31375151467508200 
-1.71216799620643645 7.02636622904142349 
-1.69646003293848757 7.91581508830587666 
-1.68075206967053870 9.05788668623898552 
-1.66504410640258982 10.57889499340570261 
-1.64933614313464094 12.70620473617478652 
-1.63362817986669207 15.89454484386540933 
-1.61792021659874319 21.20494878968889907 
-1.60221225333079431 31.82051595377420128 
-1.58650429006284455 63.65674116287578954 
-1.57079632679489567 -1053284882047005.25000000000000000 
-1.55508836352694679 -63.65674116286809436 
-1.53938040025899792 -31.82051595377317810 
-1.52367243699104904 -21.20494878968844432 
-1.50796447372310016 -15.89454484386515354 
-1.49225651045515129 -12.70620473617462309 
-1.47654854718720241 -10.57889499340558892 
-1.46084058391925353 -9.05788668623890203 
-1.44513262065130466 -7.91581508830581182 
-1.42942465738335489 -7.02636622904132846 
-1.41371669411540601 -6.31375151467500473 
-1.39800873084745714 -5.72974164672428632 
-1.38230076757950826 -5.24218358111315474 
-1.36659280431155938 -4.82881735219274333 
-1.35088484104361051 -4.47374282921154265 
-1.33517687777566163 -4.16529977009040842 
-1.31946891450771275 -3.89474285492985262 
-1.30376095123976388 -3.65538435465225531 
-1.28805298797181500 -3.44202257666921563 
-1.27234502470386523 -3.25055080129982432 
-1.25663706143591636 -3.07768353717524379 
-1.24092909816796748 -2.92076098929880823 
-1.22522113490001860 -2.77760685391496809 
-1.20951317163206973 -2.64642321028662630 
-1.19380520836412085 -2.52571168944730085 
-1.17809724509617197 -2.41421356237309181 
-1.16238928182822310 -2.31086365388240811 
-1.14668131856027422 -2.21475449781335954 
-1.13097335529232534 -2.12510817315720146 
-1.11526539202437558 -2.04125396712169804 
-1.09955742875642670 -1.96261050550514615 
-1.08384946548847783 -1.88867134163106387 
-1.06814150222052895 -1.81899324728106304 
-1.05243353895258007 -1.75318663247223427 
-1.03672557568463120 -1.69090765578500912 
-1.02101761241668232 -1.63185168712878781 
-1.00530964914873344 -1.57574785996864963 
-0.98960168588078457 -1.52235450689613017 
-0.97389372261283569 -1.47145531581996836 
-0.95818575934488592 -1.42285607743186748 
-0.94247779607693705 -1.37638192047117092 
-0.92676983280898817 -1.33187495150259538 
-0.91106186954103929 -1.28919223178506459 
-0.89535390627309042 -1.24820403635304777 
-0.87964594300514154 -1.20879235040960764 
-0.86393797973719266 -1.17084956611253799 
-0.84823001646924379 -1.13427734925540458 
-0.83252205320129491 -1.09898565053630093 
-0.81681408993334514 -1.06489184032478956 
-0.80110612666539627 -1.03191994928049358 
-0.78539816339744739 -0.99999999999999811 
-0.76969020012949851 -0.96906741719379164 
-0.75398223686154964 -0.93906250581749096 
-0.73827427359360076 -0.90992998817773629 
-0.72256631032565188 -0.88161859236318807 
-0.70685834705770301 -0.85408068546346583 
-0.69115038378975413 -0.82727194597247500 
-0.67544242052180525 -0.80115107055875079 
-0.65973445725385549 -0.77567951104961130 
-0.64402649398590661 -0.75082123803876311 
-0.62831853071795774 -0.72654252800535946 
-0.61261056745000886 -0.70281177124035610 
-0.59690260418205998 -0.67959929822452547 
-0.58119464091411110 -0.65687722240127844 
-0.56548667764616223 -0.63461929754414736 
-0.54977871437821335 -0.61280078813993133 
-0.53407075111026447 -0.59139835139947061 
-0.51836278784231560 -0.57038992967329449 
-0.50265482457436583 -0.54975465219276864 
-0.48694686130641696 -0.52947274518201337 
-0.47123889803846808 -0.50952544949442768 
-0.45553093477051920 -0.48989494502247605 
-0.43982297150257033 -0.47056428121225058 
-0.42411500823462145 -0.45151731308698251 
-0.40840704496667257 -0.43273864224742525 
-0.39269908169872370 -0.41421356237309453 
-0.37699111843077482 -0.39592800879772083 
-0.36128315516282594 -0.37786851177582059 
-0.34557519189487618 -0.36002215309575542 
-0.32986722862692730 -0.34237652572868194 
-0.31415926535897842 -0.32491969623290534 
-0.29845130209102955 -0.30764016965989738 
-0.28274333882308067 -0.29052685673191569 
-0.26703537555513179 -0.27356904308223656 
-0.25132741228718292 -0.25675636036772620 
-0.23561944901923404 -0.24007875908011556 
-0.21991148575128516 -0.22352648289714871 
-0.20420352248333629 -0.20709004442793841 
-0.18849555921538652 -0.19076020221856563 
-0.17278759594743764 -0.17452793889436408 
-0.15707963267948877 -0.15838444032453539 
-0.14137166941153989 -0.14232107570294211 
-0.12566370614359101 -0.12632937844610745 
-0.10995574287564214 -0.11040102781581831 
-0.09424777960769326 -0.09452783117928151 
-0.07853981633974438 -0.07870170682461800 
-0.06283185307179551 -0.06291466725364940 
-0.04712388980384663 -0.04715880287748021 
-0.03141592653589687 -0.03142626604335008 
-0.01570796326794799 -0.01570925532366394 
0.00000000000000089 0.00000000000000089 
0.01570796326794976 0.01570925532366571 
0.03141592653589864 0.03142626604335186 
0.04712388980384752 0.04715880287748109 
0.06283185307179640 0.06291466725365029 
0.07853981633974527 0.07870170682461890 
0.09424777960769415 0.09452783117928240 
0.10995574287564303 0.11040102781581922 
0.12566370614359279 0.12632937844610925 
0.14137166941154167 0.14232107570294394 
0.15707963267949054 0.15838444032453719 
0.17278759594743853 0.17452793889436499 
0.18849555921538830 0.19076020221856749 
0.20420352248333806 0.20709004442794027 
0.21991148575128605 0.22352648289714966 
0.23561944901923582 0.24007875908011744 
0.25132741228718380 0.25675636036772714 
0.26703537555513357 0.27356904308223845 
0.28274333882308156 0.29052685673191664 
0.29845130209103132 0.30764016965989932 
0.31415926535897931 0.32491969623290629 
0.32986722862692908 0.34237652572868393 
0.34557519189487884 0.36002215309575841 
0.36128315516282683 0.37786851177582165 
0.37699111843077660 0.39592800879772289 
0.39269908169872458 0.41421356237309553 
0.40840704496667435 0.43273864224742736 
0.42411500823462234 0.45151731308698356 
0.43982297150257210 0.47056428121225280 
0.45553093477052009 0.48989494502247716 
0.47123889803846986 0.50952544949442991 
0.48694686130641784 0.52947274518201448 
0.50265482457436761 0.54975465219277098 
0.51836278784231737 0.57038992967329682 
0.53407075111026536 0.59139835139947183 
0.54977871437821513 0.61280078813993377 
0.56548667764616312 0.63461929754414859 
0.58119464091411288 0.65687722240128099 
0.59690260418206087 0.67959929822452669 
0.61261056745001063 0.70281177124035876 
0.62831853071795862 0.72654252800536090 
0.64402649398590839 0.75082123803876588 
0.65973445725385815 0.77567951104961563 
0.67544242052180614 0.80115107055875223 
0.69115038378975591 0.82727194597247800 
0.70685834705770390 0.85408068546346738 
0.72256631032565366 0.88161859236319129 
0.73827427359360165 0.90992998817773785 
0.75398223686155141 0.93906250581749429 
0.76969020012949940 0.96906741719379341 
0.78539816339744917 1.00000000000000178 
0.80110612666539716 1.03191994928049535 
0.81681408993334692 1.06489184032479334 
0.83252205320129669 1.09898565053630493 
0.84823001646924467 1.13427734925540658 
0.86393797973719444 1.17084956611254221 
0.87964594300514243 1.20879235040960986 
0.89535390627309219 1.24820403635305222 
0.91106186954104018 1.28919223178506703 
0.92676983280898995 1.33187495150260027 
0.94247779607693793 1.37638192047117336 
0.95818575934488770 1.42285607743187281 
0.97389372261283746 1.47145531581997391 
0.98960168588078545 1.52235450689613327 
1.00530964914873522 1.57574785996865585 
1.02101761241668321 1.63185168712879114 
1.03672557568463297 1.69090765578501578 
1.05243353895258096 1.75318663247223805 
1.06814150222053073 1.81899324728107059 
1.08384946548847871 1.88867134163106787 
1.09955742875642848 1.96261050550515459 
1.11526539202437647 2.04125396712170248 
1.13097335529232623 2.12510817315720635 
1.14668131856027600 2.21475449781337019 
1.16238928182822399 2.31086365388241388 
1.17809724509617375 2.41421356237310381 
1.19380520836412174 2.52571168944730706 
1.20951317163207150 2.64642321028664051 
1.22522113490001949 2.77760685391497608 
1.24092909816796926 2.92076098929882511 
1.25663706143591725 3.07768353717525311 
1.27234502470386701 3.25055080129984519 
1.28805298797181678 3.44202257666923872 
1.30376095123976476 3.65538435465226774 
1.31946891450771453 3.89474285492988148 
1.33517687777566252 4.16529977009042440 
1.35088484104361228 4.47374282921157995 
1.36659280431156027 4.82881735219276553 
1.38230076757951004 5.24218358111320537 
1.39800873084745803 5.72974164672431563 
1.41371669411540779 6.31375151467507756 
1.42942465738335756 7.02636622904146257 
1.44513262065130554 7.91581508830586866 
1.46084058391925531 9.05788668623904947 
1.47654854718720330 10.57889499340568840 
1.49225651045515306 12.70620473617491086 
1.50796447372310105 15.89454484386537914 
1.52367243699105082 21.20494878968924368 
1.53938040025899880 31.82051595377407693 
1.55508836352694857 63.65674116287529216 
1.57079632679489656 16331239353195370.00000000000000000 
1.58650429006284632 -63.65674116286859174 
1.60221225333079609 -31.82051595377240005 
1.61792021659874408 -21.20494878968850117 
1.63362817986669384 -15.89454484386495992 
1.64933614313464183 -12.70620473617464263 
1.66504410640259159 -10.57889499340550188 
1.68075206967053958 -9.05788668623891091 
1.69646003293848935 -7.91581508830576297 
1.71216799620643734 -7.02636622904137909 
1.72787595947438710 -6.31375151467500917 
1.74358392274233687 -5.72974164672425967 
1.75929188601028486 -5.24218358111315830 
1.77499984927823462 -4.82881735219272468 
1.79070781254618261 -4.47374282921154531 
1.80641577581413237 -4.16529977009039420 
1.82212373908208036 -3.89474285492985484 
1.83783170235003013 -3.65538435465224421 
1.85353966561797812 -3.44202257666921740 
1.86924762888592788 -3.25055080129982610 
1.88495559215387587 -3.07768353717525400 
1.90066355542182563 -2.92076098929880956 
1.91637151868977540 -2.77760685391496143 
1.93207948195772339 -2.64642321028662764 
1.94778744522567315 -2.52571168944729507 
1.96349540849362114 -2.41421356237309270 
1.97920337176157091 -2.31086365388240322 
1.99491133502951890 -2.21475449781336042 
2.01061929829746866 -2.12510817315719747 
2.02632726156541665 -2.04125396712170337 
2.04203522483336641 -1.96261050550514660 
2.05774318810131618 -1.88867134163106032 
2.07345115136926417 -1.81899324728106349 
2.08915911463721393 -1.75318663247223117 
2.10486707790516192 -1.69090765578500957 
2.12057504117311169 -1.63185168712878514 
2.13628300444105967 -1.57574785996865008 
2.15199096770900944 -1.52235450689612772 
2.16769893097695743 -1.47145531581996880 
2.18340689424490719 -1.42285607743186793 
2.19911485751285518 -1.37638192047117380 
2.21482282078080495 -1.33187495150259561 
2.23053078404875471 -1.28919223178506259 
2.24623874731670270 -1.24820403635304800 
2.26194671058465246 -1.20879235040960586 
2.27765467385260045 -1.17084956611253843 
2.29336263712055022 -1.13427734925540280 
2.30907060038849821 -1.09898565053630115 
2.32477856365644797 -1.06489184032478978 
2.34048652692439596 -1.03191994928049557 
2.35619449019234573 -0.99999999999999845 
2.37190245346029549 -0.96906741719379019 
2.38761041672824348 -0.93906250581749118 
2.40331837999619324 -0.90992998817773485 
2.41902634326414123 -0.88161859236318829 
2.43473430653209100 -0.85408068546346450 
2.45044226980003899 -0.82727194597247522 
2.46615023306798875 -0.80115107055874946 
2.48185819633593674 -0.77567951104961297 
2.49756615960388650 -0.75082123803876333 
2.51327412287183627 -0.72654252800535835 
2.52898208613978426 -0.70281177124035632 
2.54469004940773402 -0.67959929822452436 
2.56039801267568201 -0.65687722240127866 
2.57610597594363178 -0.63461929754414625 
2.59181393921157976 -0.61280078813993155 
2.60752190247952953 -0.59139835139946950 
2.62322986574747752 -0.57038992967329472 
2.63893782901542728 -0.54975465219276887 
2.65464579228337527 -0.52947274518201470 
2.67035375555132504 -0.50952544949442780 
2.68606171881927480 -0.48989494502247510 
2.70176968208722279 -0.47056428121225075 
2.71747764535517256 -0.45151731308698162 
2.73318560862312054 -0.43273864224742542 
2.74889357189107031 -0.41421356237309359 
2.76460153515901830 -0.39592800879772100 
2.78030949842696806 -0.37786851177581976 
2.79601746169491605 -0.36002215309575653 
2.81172542496286582 -0.34237652572868210 
2.82743338823081558 -0.32491969623290451 
2.84314135149876357 -0.30764016965989754 
2.85884931476671333 -0.29052685673191486 
2.87455727803466132 -0.27356904308223667 
2.89026524130261109 -0.25675636036772537 
2.90597320457055908 -0.24007875908011569 
2.92168116783850884 -0.22352648289714791 
2.93738913110645683 -0.20709004442793855 
2.95309709437440659 -0.19076020221856577 
2.96880505764235458 -0.17452793889436510 
2.98451302091030435 -0.15838444032453550 
3.00022098417825411 -0.14232107570294134 
3.01592894744620210 -0.12632937844610756 
3.03163691071415187 -0.11040102781581754 
3.04734487398209986 -0.09452783117928164 
3.06305283725004962 -0.07870170682461723 
3.07876080051799761 -0.06291466725364953 
3.09446876378594737 -0.04715880287747944 
3.11017672705389536 -0.03142626604335109 
3.12588469032184513 -0.01570925532366406 
3.14159265358979489 0.00000000000000165 
3.15730061685774288 0.01570925532366559 
3.17300858012569265 0.03142626604335262 
3.18871654339364063 0.04715880287748098 
3.20442450666159040 0.06291466725365105 
3.22013246992953839 0.07870170682461877 
3.23584043319748815 0.09452783117928318 
3.25154839646543614 0.11040102781581909 
3.26725635973338591 0.12632937844610914 
3.28296432300133567 0.14232107570294472 
3.29867228626928366 0.15838444032453708 
3.31438024953723342 0.17452793889436669 
3.33008821280518141 0.19076020221856735 
3.34579617607313118 0.20709004442794016 
3.36150413934107917 0.22352648289714952 
3.37721210260902893 0.24007875908011730 
3.39292006587697692 0.25675636036772703 
3.40862802914492669 0.27356904308223834 
3.42433599241287467 0.29052685673191653 
3.44004395568082444 0.30764016965989921 
3.45575191894877420 0.32491969623290812 
3.47145988221672219 0.34237652572868382 
3.48716784548467196 0.36002215309575830 
3.50287580875261995 0.37786851177582148 
3.51858377202056971 0.39592800879772272 
3.53429173528851770 0.41421356237309542 
3.54999969855646746 0.43273864224742725 
3.56570766182441545 0.45151731308698345 
3.58141562509236522 0.47056428121225263 
3.59712358836031498 0.48989494502247921 
3.61283155162826297 0.50952544949442979 
3.62853951489621274 0.52947274518201659 
3.64424747816416073 0.54975465219277087 
3.65995544143211049 0.57038992967329671 
3.67566340470005848 0.59139835139947161 
3.69137136796800824 0.61280078813993366 
3.70707933123595623 0.63461929754414836 
3.72278729450390600 0.65687722240128077 
3.73849525777185399 0.67959929822452658 
3.75420322103980375 0.70281177124035854 
3.76991118430775352 0.72654252800536334 
3.78561914757570150 0.75082123803876566 
3.80132711084365127 0.77567951104961541 
3.81703507411159926 0.80115107055875201 
3.83274303737954902 0.82727194597247777 
3.84845100064749701 0.85408068546346716 
3.86415896391544678 0.88161859236319107 
3.87986692718339476 0.90992998817773763 
3.89557489045134453 0.93906250581749406 
3.91128285371929429 0.96906741719379663 
3.92699081698724228 1.00000000000000155 
3.94269878025519205 1.03191994928049868 
3.95840674352314004 1.06489184032479312 
3.97411470679108980 1.09898565053630448 
3.98982267005903779 1.13427734925540635 
4.00553063332698756 1.17084956611254198 
4.02123859659493554 1.20879235040960964 
4.03694655986288531 1.24820403635305199 
4.05265452313083330 1.28919223178506681 
4.06836248639878306 1.33187495150259982 
4.08407044966673283 1.37638192047117824 
4.09977841293468082 1.42285607743187259 
4.11548637620263058 1.47145531581997369 
4.13119433947057857 1.52235450689613283 
4.14690230273852833 1.57574785996865541 
4.16261026600647632 1.63185168712879070 
4.17831822927442609 1.69090765578501534 
4.19402619254237408 1.75318663247223760 
4.20973415581032384 1.81899324728107015 
4.22544211907827361 1.88867134163107542 
4.24115008234622159 1.96261050550515415 
4.25685804561417136 2.04125396712171092 
4.27256600888211935 2.12510817315720590 
4.28827397215006911 2.21475449781336930 
4.30398193541801710 2.31086365388241299 
4.31968989868596687 2.41421356237310292 
4.33539786195391486 2.52571168944730617 
4.35110582522186462 2.64642321028663963 
4.36681378848981439 2.77760685391499029 
4.38252175175776237 2.92076098929882422 
4.39822971502571214 3.07768353717526999 
4.41393767829366013 3.25055080129984342 
4.42964564156160989 3.44202257666923694 
4.44535360482955788 3.65538435465226597 
4.46106156809750765 3.89474285492987971 
4.47676953136545563 4.16529977009042174 
4.49247749463340540 4.47374282921157729 
4.50818545790135339 4.82881735219276198 
4.52389342116930315 5.24218358111320182 
4.53960138443725292 5.72974164672437158 
4.55530934770520091 6.31375151467507223 
4.57101731097315067 7.02636622904145636 
4.58672527424109866 7.91581508830586067 
4.60243323750904842 9.05788668623903881 
4.61814120077699641 10.57889499340567596 
4.63384916404494618 12.70620473617489132 
4.64955712731289417 15.89454484386534716 
4.66526509058084393 21.20494878968919039 
4.68097305384879370 31.82051595377575381 
4.69668101711674169 63.65674116287480189 
4.71238898038469145 -627880472489264.50000000000000000 
4.72809694365263944 -63.65674116286908912 
4.74380490692058920 -31.82051595377252440 
4.75951287018853719 -21.20494878968855446 
4.77522083345648696 -15.89454484386499011 
4.79092879672443495 -12.70620473617466217 
4.80663675999238471 -10.57889499340551609 
4.82234472326033270 -9.05788668623892157 
4.83805268652828246 -7.91581508830577096 
4.85376064979623223 -7.02636622904129560 
4.86946861306418022 -6.31375151467501450 
4.88517657633212998 -5.72974164672426411 
4.90088453960007797 -5.24218358111316185 
4.91659250286802774 -4.82881735219272823 
4.93230046613597573 -4.47374282921154709 
4.94800842940392549 -4.16529977009039598 
4.96371639267187348 -3.89474285492985661 
4.97942435593982324 -3.65538435465224598 
4.99513231920777301 -3.44202257666919609 
5.01084028247572100 -3.25055080129982743 
5.02654824574367076 -3.07768353717523668 
5.04225620901161875 -2.92076098929881045 
5.05796417227956852 -2.77760685391496276 
5.07367213554751650 -2.64642321028662852 
5.08938009881546627 -2.52571168944729596 
5.10508806208341426 -2.41421356237309359 
5.12079602535136402 -2.31086365388240411 
5.13650398861931201 -2.21475449781336131 
5.15221195188726178 -2.12510817315719791 
5.16791991515521154 -2.04125396712169449 
5.18362787842315953 -1.96261050550514726 
5.19933584169110929 -1.88867134163106098 
5.21504380495905728 -1.81899324728106415 
5.23075176822700705 -1.75318663247223183 
5.24645973149495504 -1.69090765578501001 
5.26216769476290480 -1.63185168712878559 
5.27787565803085279 -1.57574785996865052 
5.29358362129880256 -1.52235450689612817 
5.30929158456675232 -1.47145531581996347 
5.32499954783470031 -1.42285607743186837 
5.34070751110265007 -1.37638192047116892 
5.35641547437059806 -1.33187495150259605 
5.37212343763854783 -1.28919223178506304 
5.38783140090649582 -1.24820403635304844 
5.40353936417444558 -1.20879235040960609 
5.41924732744239357 -1.17084956611253865 
5.43495529071034333 -1.13427734925540302 
5.45066325397829310 -1.09898565053629760 
5.46637121724624109 -1.06489184032479001 
5.48207918051419085 -1.03191994928049224 
5.49778714378213884 -0.99999999999999867 
5.51349510705008861 -0.96906741719379041 
5.52920307031803659 -0.93906250581749140 
5.54491103358598636 -0.90992998817773507 
5.56061899685393435 -0.88161859236318851 
5.57632696012188411 -0.85408068546346472 
5.59203492338983210 -0.82727194597247544 
5.60774288665778187 -0.80115107055874968 
5.62345084992573163 -0.77567951104961030 
5.63915881319367962 -0.75082123803876355 
5.65486677646162939 -0.72654252800535846 
5.67057473972957737 -0.70281177124035643 
5.68628270299752714 -0.67959929822452447 
5.70199066626547513 -0.65687722240127877 
5.71769862953342489 -0.63461929754414637 
5.73340659280137288 -0.61280078813993166 
5.74911455606932265 -0.59139835139946972 
5.76482251933727241 -0.57038992967329250 
5.78053048260522040 -0.54975465219276898 
5.79623844587317016 -0.52947274518201248 
5.81194640914111815 -0.50952544949442802 
5.82765437240906792 -0.48989494502247521 
5.84336233567701591 -0.47056428121225091 
5.85907029894496567 -0.45151731308698173 
5.87477826221291366 -0.43273864224742559 
5.89048622548086342 -0.41421356237309376 
5.90619418874881141 -0.39592800879772111 
5.92190215201676118 -0.37786851177581987 
5.93761011528471094 -0.36002215309575469 
5.95331807855265893 -0.34237652572868221 
5.96902604182060870 -0.32491969623290462 
5.98473400508855669 -0.30764016965989766 
6.00044196835650645 -0.29052685673191497 
6.01614993162445444 -0.27356904308223684 
6.03185789489240420 -0.25675636036772553 
6.04756585816035219 -0.24007875908011581 
6.06327382142830196 -0.22352648289714805 
6.07898178469625172 -0.20709004442793683 
6.09468974796419971 -0.19076020221856588 
6.11039771123214948 -0.17452793889436341 
6.12610567450009746 -0.15838444032453564 
6.14181363776804723 -0.14232107570294147 
6.15752160103599522 -0.12632937844610770 
6.17322956430394498 -0.11040102781581766 
6.18893752757189297 -0.09452783117928175 
6.20464549083984274 -0.07870170682461736 
6.22035345410779250 -0.06291466725364786 
6.23606141737574049 -0.04715880287747956 
6.25176938064369025 -0.03142626604334944 
6.26747734391163824 -0.01570925532366418 
6.28318530717958801 0.00000000000000153 
6.29889327044753600 0.01570925532366547 
6.31460123371548576 0.03142626604335250 
6.33030919698343375 0.04715880287748085 
6.34601716025138352 0.06291466725365094 
6.36172512351933150 0.07870170682461865 
6.37743308678728127 0.09452783117928305 
6.39314105005523103 0.11040102781582076 
6.40884901332317902 0.12632937844610900 
6.42455697659112879 0.14232107570294458 
6.44026493985907678 0.15838444032453694 
6.45597290312702654 0.17452793889436657 
6.47168086639497453 0.19076020221856721 
6.48738882966292429 0.20709004442794002 
6.50309679293087228 0.22352648289714938 
6.51880475619882205 0.24007875908011717 
6.53451271946677181 0.25675636036772881 
6.55022068273471980 0.27356904308223823 
6.56592864600266957 0.29052685673191830 
6.58163660927061756 0.30764016965989910 
6.59734457253856732 0.32491969623290801 
6.61305253580651531 0.34237652572868366 
6.62876049907446507 0.36002215309575814 
6.64446846234241306 0.37786851177582137 
6.66017642561036283 0.39592800879772261 
6.67588438887831082 0.41421356237309526 
6.69159235214626058 0.43273864224742709 
6.70730031541421035 0.45151731308698545 
6.72300827868215833 0.47056428121225247 
6.73871624195010810 0.48989494502247904 
6.75442420521805609 0.50952544949442957 
6.77013216848600585 0.52947274518201648 
6.78584013175395384 0.54975465219277064 
6.80154809502190361 0.57038992967329649 
6.81725605828985159 0.59139835139947150 
6.83296402155780136 0.61280078813993344 
6.84867198482575112 0.63461929754415070 
6.86437994809369911 0.65687722240128066 
6.88008791136164888 0.67959929822452902 
6.89579587462959687 0.70281177124035843 
6.91150383789754663 0.72654252800536323 
6.92721180116549462 0.75082123803876555 
6.94291976443344439 0.77567951104961519 
6.95862772770139237 0.80115107055875179 
6.97433569096934214 0.82727194597247755 
6.99004365423729013 0.85408068546346694 
7.00575161750523989 0.88161859236319084 
7.02145958077318966 0.90992998817774073 
7.03716754404113765 0.93906250581749384 
7.05287550730908741 0.96906741719379641 
7.06858347057703540 1.00000000000000133 
7.08429143384498516 1.03191994928049846 
7.09999939711293315 1.06489184032479289 
7.11570736038088292 1.09898565053630426 
7.13141532364883091 1.13427734925540613 
7.14712328691678067 1.17084956611254176 
7.16283125018473044 1.20879235040961364 
7.17853921345267842 1.24820403635305177 
7.19424717672062819 1.28919223178507103 
7.20995513998857618 1.33187495150259960 
7.22566310325652594 1.37638192047117780 
7.24137106652447393 1.42285607743187215 
7.25707902979242370 1.47145531581997324 
7.27278699306037169 1.52235450689613239 
7.28849495632832145 1.57574785996865496 
7.30420291959627122 1.63185168712879669 
7.31991088286421920 1.69090765578501490 
7.33561884613216897 1.75318663247224427 
7.35132680940011696 1.81899324728106970 
7.36703477266806672 1.88867134163107497 
7.38274273593601471 1.96261050550515348 
7.39845069920396448 2.04125396712171048 
7.41415866247191246 2.12510817315720502 
7.42986662573986223 2.21475449781336886 
7.44557458900781022 2.31086365388241211 
7.46128255227575998 2.41421356237310203 
7.47699051554370975 2.52571168944731861 
7.49269847881165774 2.64642321028663874 
7.50840644207960750 2.77760685391498940 
7.52411440534755549 2.92076098929882289 
7.53982236861550525 3.07768353717526910 
7.55553033188345324 3.25055080129984209 
7.57123829515140301 3.44202257666923517 
7.58694625841935100 3.65538435465226463 
7.60265422168730076 3.89474285492987748 
7.61836218495525053 4.16529977009045282 
7.63407014822319852 4.47374282921157462 
7.64977811149114828 4.82881735219280284 
7.66548607475909627 5.24218358111319827 
7.68119403802704603 5.72974164672436803 
7.69690200129499402 6.31375151467506690 
7.71260996456294379 7.02636622904145014 
7.72831792783089178 7.91581508830585268 
7.74402589109884154 9.05788668623902815 
7.75973385436678953 10.57889499340566175 
7.77544181763473929 12.70620473617487178 
7.79114978090268906 15.89454484386576638 
7.80685774417063705 21.20494878968913355 
7.82256570743858681 31.82051595377562947 
7.83827367070653480 63.65674116287430451 
